900
59
170
23
819
680
836
824
230
800
457
439
145
273
433
487
242
655
814
386
340
542
522
807
688
276
13
349
400
76
241
43
862
665
7
488
705
486
2
695
710
792
703
147
53
525
877
272
278
526
554
448
322
429
406
140
158
449
601
426
817
291
484
48
738
329
809
499
146
770
50
142
83
454
796
97
515
75
231
171
600
93
898
578
357
645
380
341
72
696
832
857
815
138
782
303
771
250
733
371
271
410
101
534
728
543
749
759
398
886
754
452
31
407
160
840
46
29
310
61
199
621
497
537
652
223
855
8
338
726
567
744
512
721
184
714
548
509
859
596
837
508
185
490
214
678
562
651
1
734
26
447
32
689
211
335
776
876
299
617
356
844
535
85
607
317
151
863
790
0
571
252
33
812
777
153
192
605
751
86
149
786
424
760
305
479
798
442
256
77
519
546
130
198
577
42
440
161
614
723
141
35
677
456
729
847
419
314
301
120
96
176
875
54
838
332
118
298
186
552
441
415
401
105
212
774
404
205
110
831
387
263
181
321
611
698
60
270
423
511
576
853
388
568
561
422
747
864
608
249
888
331
523
200
123
858
360
592
602
555
353
393
669
129
473
846
364
434
781
783
391
854
183
122
326
389
117
518
318
168
311
57
625
47
626
180
742
504
324
219
618
752
438
127
430
706
725
244
202
274
536
99
603
174
131
264
587
254
124
173
374
834
16
12
455
359
597
396
44
642
285
524
187
502
323
148
350
150
431
630
647
481
825
279
559
313
830
887
718
702
58
852
646
730
640
661
727
699
722
216
628
848
308
520
345
248
586
460
506
302
641
347
553
694
464
805
259
132
545
573
17
470
327
451
763
343
258
306
282
810
375
816
82
890
690
772
731
355
639
315
283
755
569
191
672
704
381
513
236
363
37
79
255
382
662
501
320
549
510
869
68
472
193
94
463
663
290
560
114
156
829
761
657
152
883
881
421
194
113
860
717
492
81
826
365
166
246
207
498
201
358
361
304
175
277
288
808
372
413
417
756
383
758
711
866
619
681
581
820
700
40
595
437
803
531
822
128
517
243
103
24
164
530
889
745
480
823
251
789
416
309
620
516
234
446
779
709
785
289
414
624
240
670
80
204
547
868
667
899
675
280
737
495
653
540
367
109
462
436
390
627
45
368
612
895
11
791
835
634
622
664
330
872
384
336
316
425
878
4
466
100
208
882
753
394
648
268
18
843
693
583
584
765
39
409
629
239
637
532
686
22
474
30
106
544
265
564
505
5
465
328
189
182
399
496
570
557
746
229
788
748
115
165
64
218
155
297
778
654
73
136
893
6
373
235
459
713
556
739
238
312
590
362
482
565
69
682
143
56
638
286
692
300
660
766
591
880
666
339
850
533
88
811
342
108
10
780
856
794
126
633
65
89
403
190
41
574
732
679
112
613
284
348
269
116
467
66
294
799
15
221
177
74
658
802
676
892
715
237
209
408
833
870
222
691
213
659
841
566
405
842
267
226
444
133
768
708
25
333
245
528
167
325
395
370
307
644
385
541
757
884
494
740
475
195
121
712
157
21
52
476
354
865
34
849
435
450
493
521
874
582
445
683
432
51
275
411
684
62
27
514
588
631
656
3
861
461
784
671
795
402
635
162
366
550
220
767
266
687
563
538
139
334
107
262
558
468
420
735
260
228
741
95
20
296
720
616
227
225
599
233
376
743
293
257
469
428
839
377
378
769
668
764
845
418
594
606
453
650
163
894
871
119
827
615
701
91
67
232
707
593
443
344
762
500
19
196
352
575
697
247
873
604
821
585
632
137
179
281
685
897
643
580
210
636
851
92
261
203
379
539
215
719
736
169
188
879
797
623
507
477
346
673
369
135
38
144
551
478
292
224
793
471
102
674
217
867
773
178
98
172
49
885
787
716
806
70
159
71
78
63
649
154
775
491
90
412
9
750
14
483
427
610
36
392
828
529
579
134
295
28
104
896
87
319
609
598
253
197
572
813
337
818
458
489
351
801
503
206
84
55
287
891
589
724
485
111
527
804
125
397
