26.5080028100000007 9.4734215400000004 -2.5873644900000001
43.4470385199999996 9.7488483899999991 3.0035266699999998
100.7524666700000040 9.1553285300000002 -5.5245006700000001
123.5805423099999985 10.0837415799999999 0.8635053200000000
178.6140265999999883 9.6668076799999998 2.4871927600000001
196.3186872299999948 9.0645947400000004 -0.8032421600000000
214.8113247400000034 9.7263687200000000 0.7205961500000000
233.6259088399999939 9.6761034499999994 3.7908337799999998
335.6853680199999985 9.5642295500000003 1.2969361500000001
475.6200174699999934 8.9387692399999992 0.3745495300000000
454.4647291900000141 10.0669536100000006 -3.4834199699999999
417.3371260000000120 9.9318801899999993 0.6939502000000000
517.6395664799999849 9.8858241099999997 0.9957689300000000
571.2912677399999666 10.1414372600000000 1.8930897700000000
562.5966683100000409 25.0335324499999992 -2.4019339500000001
62.8588819400000034 10.0298028299999995 -6.5950907599999997
142.3421253999999863 9.7582277499999996 1.9860234100000000
107.6188038300000045 26.1312189600000018 0.7142777300000001
128.6414501600000051 26.9990056799999998 -0.0815629500000000
203.6260810400000025 26.1304903599999996 -3.0980958699999999
223.7760582299999896 26.7920932699999987 -0.1452951900000000
264.0747958000000040 9.4103775400000007 3.4382057300000000
286.3303398900000047 8.9678707499999994 -6.6425352999999996
375.4561088899999959 9.7659446600000006 -5.8679637299999996
393.4664989500000161 9.2063311900000002 2.3200678799999999
475.4908112300000198 29.1930031200000002 2.5147631900000000
497.1923139599999786 9.4301290800000004 -0.1831176800000000
551.8658920599999647 9.7988266599999996 0.4963053600000000
535.6930123500000036 17.0263679400000001 3.5188206599999998
590.8436440299999504 9.0549498499999999 1.2796885400000000
81.3818387200000046 9.0204173399999998 2.3352419699999998
83.6062797299999971 27.2212436599999990 4.9008834300000004
160.5290628699999900 9.4915467000000007 4.7756685299999999
185.7091139400000088 25.8981893099999994 -1.3338130399999999
212.4715615899999932 43.0111717999999996 -0.1512138500000000
193.5705283400000098 43.8194802499999980 -1.5702420600000000
300.7973228199999767 22.1870258199999988 2.0573014399999998
314.5896026099999858 10.0699268899999996 1.2899495999999999
360.7872237600000176 19.6633979799999992 -0.0312377700000000
385.3717864999999847 26.4645342200000009 0.6939615700000000
404.9142546599999832 24.0291094700000016 -1.1894816200000000
493.2090271000000143 27.0179553599999984 0.9700070300000000
512.4961332200000470 26.1992174899999988 0.1647567700000000
545.8658949499999835 31.3023855600000012 -2.8853966999999998
571.1097053199999891 41.7945970600000010 7.8508512200000000
27.6256974600000014 28.7704934500000000 -0.2184374300000000
115.5233178299999963 41.6084749099999982 3.0802162200000001
147.0987619500000108 27.2860918199999993 -1.8460485600000001
167.1893789300000037 26.7050235399999991 0.2542129200000000
156.7889219799999978 42.9004476499999967 -1.4555608499999999
174.2064834200000121 44.4263509000000028 0.4232904800000000
342.5644801400000006 26.6122781400000008 -1.1637399900000001
345.2565334700000221 44.6470474400000015 1.1213694800000000
369.2139702700000043 37.1027384200000014 1.1391821900000001
380.1850236899999800 52.9241499299999987 1.8392585500000000
435.0433411000000206 12.2231971000000001 2.9093590900000001
422.8453860899999768 28.5101724300000008 -0.0238831700000000
523.2348710100000062 62.5684568699999986 2.3792046199999999
522.1185873499999843 43.1430733899999979 -0.2074345600000000
583.1132823699999790 25.6378464999999984 -0.4108589700000000
95.7355241100000001 40.5213521700000001 -0.5515787800000000
74.7638970900000004 43.4908451200000030 4.8621482800000004
103.3455884499999939 56.5237583600000022 -4.3300052800000000
146.9713288000000091 58.6517788100000033 -0.5987795200000000
165.5166455099999894 60.1236059499999982 -0.2992560700000000
323.6687002900000039 24.6330880900000011 -1.6008722399999999
248.6632455900000025 19.6986774000000011 -7.9088816399999997
361.0250559699999826 53.9259675099999995 -1.8666384800000000
333.4668249100000139 58.3793298100000015 1.4203170899999999
397.9714861100000007 60.3806722200000010 -2.5877339400000001
383.5553704399999901 71.3706845199999975 2.5385712599999999
395.0082004800000277 41.1660224800000023 -4.2250446500000001
457.8334594899999956 27.3469852399999986 0.5523327300000000
483.2247625599999878 43.9438337099999998 -0.3078439400000000
590.4018223199999511 42.1848041599999988 2.1005783600000001
64.2276836900000063 28.4528363900000016 2.6391704900000001
47.3824662800000027 45.6747766100000021 0.5589112500000000
134.4536046000000056 43.0511773400000024 6.1617602600000003
193.8140836899999897 76.2181590999999941 -1.2806691800000001
241.3130443700000001 36.0138676500000017 -4.1333849599999999
273.9556187200000181 23.7659196500000007 -3.2856681499999998
322.5026893200000018 42.3289633600000030 3.1801404899999999
303.6645597099999918 40.9591331100000033 0.0080722700000000
311.1395790600000169 58.0295046800000023 -0.5309207700000000
349.1019631300000015 68.4491150900000065 -2.7475024200000000
411.2205018399999972 48.8880218299999996 0.7192417400000000
444.3823684600000092 42.0978781299999980 -3.6470216600000001
463.3076801000000273 45.7208579500000027 -1.8616432300000001
502.1402713200000107 43.9235264200000017 -3.5607142100000000
537.8956047299999454 51.5913013199999995 11.9354233099999991
47.3486494400000026 28.2229477399999986 -6.4558476000000002
29.8388602700000014 45.9333644600000000 6.7845047100000002
70.2265273499999978 72.5592625200000043 1.3725180100000001
85.2968385599999976 59.8451490899999996 -1.4830269599999999
173.8601138500000047 76.5218146800000056 -0.9401225600000001
210.7668308700000068 83.3630654800000030 -11.7643427700000007
259.1271085100000278 36.3009553999999994 2.1782973299999999
257.7342894700000215 53.0791218800000024 -2.1558394299999999
291.6806895899999859 55.2493716000000035 0.2017749700000000
283.9896333300000038 37.8235567099999983 -5.1979509799999999
445.1080944000000272 61.3312728699999994 3.3922035899999998
463.5071687700000211 66.0815098000000063 -3.0521695900000001
505.4027960199999825 63.0898027900000002 3.3703512999999998
481.7017814600000065 61.6950251499999993 2.8194914000000000
557.3117291400000113 51.4803115599999970 2.7439648100000000
9.1548658399999994 33.2488428300000010 -10.1792727000000003
10.0103356699999999 15.2282867100000008 -0.3113586700000000
110.4487192200000010 72.6309155000000004 -0.2747846100000000
123.0468542800000051 57.6519929800000028 0.0461205900000000
229.8668425799999966 51.0212747300000018 -3.5782506500000002
184.5505613100000062 60.1050197200000014 0.1187173400000000
297.5175781799999868 71.7229712000000035 1.4952823000000000
320.5439338699999894 73.3741736799999984 -2.2760850600000002
373.0336726500000282 95.0680160699999988 3.2110443000000002
428.5199945400000274 52.6846566600000017 4.5429357899999996
402.2663655999999719 77.1000502699999970 -1.2178578300000000
417.5554007999999726 67.4689267400000006 1.8077219499999999
404.0740480700000035 100.4157748700000070 2.1148415900000002
493.2064476900000045 75.6177629299999978 2.1372156800000002
532.3381452999999510 78.7303963699999940 5.2917656400000004
11.1017435700000000 50.4871181800000031 -10.4984602900000006
155.1857979799999896 76.5460054800000052 11.3936291099999991
206.4040976400000034 59.8529201699999973 -2.3911967900000000
164.0795067299999914 92.5812587199999939 -2.1055440600000002
235.7887490500000069 80.9485373600000031 2.9790767200000001
273.3399228200000266 63.3229171999999991 1.8718276700000001
307.1756135800000038 86.7370389900000021 -0.6489167600000000
356.1035550600000192 85.7231448099999938 0.7337184500000000
367.0706491099999766 70.4196664300000066 -0.5206918600000000
390.1473859000000175 90.1542921500000034 0.2177821400000000
442.1083779499999764 93.3923432699999978 -2.3367371499999998
433.9573812500000258 75.5864298000000048 0.5406951500000000
513.0880867399999943 79.2282199999999932 2.5866366300000001
417.7718995999999834 87.4812754799999936 -1.0406239100000001
547.2637561200000391 66.5489109500000069 16.6944266500000005
10.0416522700000002 68.3671373600000010 -1.0713797800000000
28.9871880699999984 63.5375877299999985 2.1694218599999999
133.4577060000000017 72.0271674699999949 6.0357136100000002
222.0451309299999991 68.8219504599999965 0.2690530000000000
121.1766904299999936 86.6073434999999989 -2.1002251699999999
257.1554439600000137 75.1268511199999978 -7.5541866200000003
281.1830083199999990 80.8172907499999980 4.4934710200000003
245.0632718699999941 95.5439101700000037 2.0318028199999998
337.4381890399999975 81.8995350999999943 1.2246299300000001
289.7002395900000238 95.9147729999999967 1.5543465400000001
335.0621188700000062 99.4099922300000003 0.8298395300000000
475.2425951600000076 79.5807524800000010 -5.2591881100000002
483.6658475799999906 95.6769896999999929 0.5890251600000000
572.4946684899999809 60.8706728499999983 -3.1238115600000000
582.9327701299999944 76.1343768299999937 11.1483484599999993
27.1577122300000013 80.1505953599999970 -11.8604518500000005
61.5258813299999971 55.4773022099999977 -2.6921710200000000
91.9787175400000052 76.1311039800000060 4.9646321300000000
58.6343593400000032 85.7043309400000055 1.8285856300000001
183.6697476500000050 91.2066142500000012 -3.3275943899999998
312.8296168499999794 122.3178054100000054 -0.8539991000000000
243.0168593200000089 63.6180463600000010 3.2969365599999998
266.0409477800000104 92.5868418200000036 -0.2962071200000000
387.3428235700000073 109.0534267299999982 6.0503964200000002
468.9011675599999762 113.7830004500000030 -0.9707969400000001
453.4141722499999787 80.0443839099999934 3.6610881100000001
489.0502667999999744 112.6744933899999950 2.7965829000000002
591.3143785500000149 60.0679324299999990 -7.4095009000000003
547.4092140200000358 85.1119403600000055 1.3226358100000000
502.5889477800000122 93.7782546400000001 1.3036364499999999
44.9850094100000035 71.5971464900000001 -4.6129562000000002
9.8047326300000002 125.3065590899999933 -4.7235013900000000
25.8828109200000007 98.9837319300000047 -0.3223159900000000
139.5767026599999951 88.9799765700000052 6.4367274800000001
173.7411253600000123 108.0461645700000020 -1.3690445300000000
201.3858539899999869 98.9522692099999972 2.8725448999999998
316.5607544599999983 139.9452769700000090 3.5871272200000002
353.7079650200000174 103.4838580699999966 -3.0192904000000000
427.6047641499999941 103.0899993599999931 2.3534991100000000
369.9374252299999739 114.6393106499999988 1.7348091500000000
450.6163514500000247 107.7021519700000027 1.7013463099999999
558.1651112299999795 110.3329147400000068 -1.0561366500000000
465.2155000299999870 96.0484614599999986 -11.9413689000000005
508.7318927300000269 111.1329661000000044 -7.5233104400000004
522.4663742200000343 96.4706074599999965 -0.2341727500000000
9.7881171200000008 107.6355437800000061 -9.9003909900000000
9.3412413700000005 88.9614245700000055 -3.3792056300000000
121.6124528699999985 106.7825631999999985 2.3635494200000000
235.8866307099999915 111.3256132599999972 -4.5158907800000003
275.0986250299999938 109.1093213900000052 -8.0916200200000006
297.7472061899999858 112.3705309799999981 5.6626031100000001
257.2365034900000182 109.2857513200000028 6.6437453099999999
282.6832580299999904 125.2970578900000049 0.1794821300000000
315.6969200799999840 102.9509636199999960 2.2325205900000000
329.9992185699999823 116.8173462900000033 -0.8878949200000000
349.7682809099999872 122.7413492999999960 1.2075673099999999
399.7631016500000101 123.2603460800000050 -10.1598265600000008
526.3623682200000076 115.4366794299999981 1.5277844000000000
540.5025803900000483 101.6251254000000017 -2.6666195400000001
563.4844437199999447 76.0865188799999999 1.5009955100000001
84.5154092300000030 106.3174341499999969 -0.6610022100000000
82.2724939499999977 89.3629596300000060 -4.6808795300000003
62.4271308000000005 102.2111699799999940 -1.5137294900000000
102.9438968799999969 91.5661513700000000 -0.3186700600000000
265.1413473000000067 126.2899596500000001 12.2814262900000006
224.3101120599999945 96.1043670699999950 -0.9630165800000000
257.5268026100000043 143.0278795899999977 1.2584257400000001
316.6631719700000076 158.8443523500000083 0.9686693900000000
367.1339965199999824 131.9302749899999867 -10.4157014599999993
417.0729936399999929 117.7681488199999933 3.8114527100000002
430.9793436799999995 136.0518022900000119 2.4830077300000002
412.5804598899999860 136.0716063700000120 -4.9304346600000004
480.6244504100000086 129.2315945800000065 -1.6396759500000000
556.5113246700000218 128.0619713300000058 -1.8155194600000000
568.3516111300000375 94.0771511300000043 -0.3259434900000000
42.6368943100000024 92.1674473900000066 2.3562136900000001
101.3360607700000031 109.4916340599999955 3.0922484099999998
112.4714161999999931 125.6964807399999984 -4.9600826900000001
156.1399516099999971 119.4340209799999997 1.2268603800000000
225.2449401199999954 127.0844867600000043 -1.8317644099999999
143.0596781000000135 107.3907929500000051 -3.6847807399999999
189.7143714599999953 114.7587615000000056 -1.0721312599999999
246.2223166999999933 125.4177343599999972 0.8645655500000000
332.0640834600000062 151.8662953099999982 -4.1946032200000003
334.7335393299999851 133.8547381299999870 -1.2509589900000000
386.1974906400000123 135.1356721699999923 9.5268983499999997
400.8086514899999884 150.1588420399999961 1.5355258700000001
578.6260428699999920 109.4752488000000028 0.0279229500000000
436.6181973899999775 119.4109930099999985 3.5733878200000002
590.1924431600000389 93.5636537599999940 1.1487816700000000
27.6464028599999985 117.3832943099999966 0.3218121600000000
34.5418145200000026 133.5678855799999951 5.9109494299999996
93.1640594299999947 126.1025718899999930 -2.4007290999999999
131.7978788300000019 120.9470569700000055 1.5886404599999999
216.1078420199999925 111.7236430600000006 7.3112154800000004
204.9126764300000048 125.9272613600000028 2.3246500399999999
267.0630931200000191 159.1748821399999940 -7.1142445299999997
298.0706044799999859 135.5964883299999997 -2.3184113200000001
345.5334652500000061 163.3097838500000023 2.4589981000000001
351.8443673799999942 141.5824283999999977 0.5855416600000000
354.7579338599999801 189.6172035900000026 0.8675366900000000
446.3025602199999753 143.8338270799999918 -5.1504141299999997
454.4955806500000222 125.9948238599999968 -8.3984641999999994
499.7789647000000173 126.9152454900000038 2.7513347399999999
538.4286422699999548 129.6087950200000023 -0.8870321000000000
44.9763734300000024 110.7912223799999936 -2.2446591400000000
70.3090171000000055 117.4660796200000021 3.5361162400000001
125.8333346099999943 151.1974824000000126 -2.9045030399999998
135.5830199499999935 137.5749148300000115 -0.7718234500000000
171.6802402900000004 126.8533307200000024 -1.8554483300000000
214.8910109200000136 143.2029720099999963 1.4607641700000000
237.6756746000000078 141.5711896299999921 -7.8215386599999999
301.4953908400000273 169.2883639899999935 -2.7747485900000002
364.2459945699999935 153.8071347800000126 -4.7479283299999997
372.7509676600000148 190.6569495900000106 2.4016632900000001
361.4146995699999820 173.1483894600000042 2.9606333700000000
381.3855828999999744 151.3465427700000134 0.5393251200000000
465.8751208799999972 139.5672765600000105 6.0679029900000003
490.4026072999999997 142.5154225599999904 -4.5337941500000003
590.8021284400000468 122.8238547600000032 17.7733388000000012
109.4684845200000041 143.0248356500000000 -0.0596691800000000
76.0021991899999989 135.0770279699999890 1.7919125199999999
171.8838686199999870 145.9925093299999901 -2.0154075800000002
154.3958666400000084 136.8999810900000114 -2.4026963200000000
188.0899468400000103 134.1578689600000018 2.7797419300000001
277.9538087000000246 142.3718528500000104 -1.0152831300000000
294.6819520700000226 152.3811802900000032 -0.3361567200000000
315.3686939099999904 180.1238642499999969 1.8297567699999999
293.1158703500000229 185.1620411400000137 7.9822634800000003
408.0538009900000134 183.6945985499999949 -9.8272374199999994
378.6778959900000245 169.7574821700000030 -4.0148931799999996
422.4529586099999960 151.4964171800000088 -2.5899382100000001
507.6665385700000002 146.1533001800000022 0.4704057700000000
532.0231072899999845 145.9612333400000068 -0.6046425800000000
416.2478785700000117 167.4790131499999859 16.9190907199999998
27.0296847599999985 150.4037849300000005 -11.0186282299999991
146.0045341699999994 153.0399141700000030 1.7809707600000000
94.1682065800000032 162.4555804199999898 0.1971461800000000
170.8103457100000071 163.0311816999999905 5.8589749400000004
226.1652347000000134 157.3818969499999980 1.2899147000000000
246.1275976999999955 159.0085203700000136 2.8819460900000000
328.4739546399999881 193.8543334299999970 6.2346982100000004
282.2299083500000165 167.3339111200000104 5.4758535500000001
255.5143076100000030 175.3710981499999946 1.7897176699999999
344.7851516100000140 204.0741166200000123 -3.9339509499999998
334.6787046499999860 177.1458862300000021 -4.0917115400000004
396.6968671999999856 167.9681071400000008 2.2454358299999999
439.6188858300000106 160.4111256500000025 -6.1499779999999999
519.1312196100000165 130.9231929100000116 -9.9124073999999993
476.2946710499999767 154.1799496499999975 2.0731062400000000
9.7062494400000006 143.9090965100000119 -17.0392840499999991
113.9482105600000068 164.0342866400000048 -7.6695450699999999
54.4107725400000035 126.5999163599999946 4.9095293800000004
92.0198906199999982 144.0596691499999906 -4.0684899999999997
189.6802856500000019 153.2676935800000138 2.0818378800000001
208.0115304400000014 161.3395151899999860 5.5442565999999998
234.1382517300000075 173.3784934999999905 2.4075083300000002
226.1608005600000126 191.6566536100000064 1.9737196900000000
223.0495879700000046 210.3098950000000116 4.1349783300000000
272.0270904399999949 181.4916176499999949 -6.4114897199999996
389.9746779899999751 185.9927989500000081 -11.8674221200000005
550.5993559199999936 145.7307346700000039 -8.8081793600000005
574.1356889999999566 131.9208663199999876 3.6192424700000001
590.1454486799999586 140.4720027399999935 3.2188513799999998
495.8817317799999955 161.0500771499999928 -6.0017468300000001
134.8883179499999869 167.4708783300000050 -0.4661522900000000
11.9270153899999993 161.4642619699999955 -7.8029592900000004
87.2177117899999956 180.9375765199999933 -1.0006601500000001
169.0986587900000018 180.3741716000000110 5.7651874699999999
188.1884696500000018 171.0266109199999960 -5.3836759199999999
156.9074882600000080 193.8475360699999896 3.7170041199999999
243.5092521699999963 188.9097805700000094 1.6288635800000000
197.1963663100000019 185.7854617899999994 -6.6097845800000004
323.9506428700000242 210.9899271600000077 7.0222935000000000
400.7103137299999958 201.4976774600000056 1.8209526599999999
362.3541689900000051 206.6492503300000010 4.1939720200000004
520.0967153100000360 159.9693485500000065 10.8845356800000008
572.5381484299999784 149.4941646599999956 -2.8113163700000001
529.4156832500000291 177.1158730399999968 -2.0588145999999998
538.5404419499999449 162.2669259200000056 16.8711667900000002
57.0789724999999990 162.8928374600000097 7.7571707500000002
122.2504323299999953 181.2689527500000111 -3.2485658900000001
153.5256792700000119 171.2774403999999890 -1.9677460400000000
215.1307453000000010 177.6727066100000059 6.0289666999999998
236.0975344899999868 224.5579713900000058 -4.1467086899999996
240.1510720900000138 206.2821512799999937 -6.7775611500000004
218.8063071999999920 229.5291125399999999 -2.5773936200000001
308.2143563600000107 196.8751648799999998 -9.8945171999999992
289.9007503000000270 211.3534832800000061 8.5582714400000004
382.6338081200000261 204.6671049400000015 -0.3530554900000000
306.3056546799999751 215.9309898600000110 -6.2145184300000000
450.3031707000000097 174.2066448900000069 -10.4480892599999997
431.0582465400000274 176.2863412199999971 -6.0447652900000000
458.6605238199999803 157.1022622799999908 -1.7877213800000000
591.0803911900000003 158.8817742900000098 8.6267945400000006
44.8050574000000026 151.1736653099999899 -6.9684435599999999
75.3785798499999942 165.1982113100000049 6.1317047599999999
136.4853865400000075 202.2258269600000062 3.9897599700000002
182.5680581500000130 194.4387180100000023 -1.8370198700000000
140.5220590200000004 185.5409746699999971 -3.1594085100000000
237.7556735100000083 242.7169289999999933 7.6968860599999998
279.6348631100000262 197.9122437700000035 0.2713656600000000
258.4208525500000064 251.7698406000000091 -7.7263178000000003
260.3255293199999869 197.9497521099999915 1.8616742600000000
374.7105193799999938 221.0649637799999994 0.0042533900000000
482.8322245699999939 189.4077829500000121 3.5597729400000002
508.7438365599999770 175.5487061700000027 -6.1018849900000003
584.1271076699999867 195.7080463700000053 -5.2004645600000003
539.0099775600000385 194.9111248400000136 -7.6241879199999998
477.1643787200000020 172.1987957100000131 8.9659873799999996
27.1441232399999990 172.7932054300000004 0.5682366200000000
65.5966503100000011 148.5782411900000000 0.7626654600000000
46.2017000600000003 176.6773743699999955 -5.5158428099999997
205.3878862299999923 203.1096387899999911 -2.2653559300000001
203.1186300100000039 220.4770197699999983 2.3976307299999999
103.9484570200000064 188.8938161799999875 7.4671052099999997
186.6518884099999980 230.8038239500000088 2.3455477899999999
393.8561170300000072 218.6557683000000054 -3.2030131900000001
425.2676255100000162 194.5112402800000098 2.6948990899999998
349.1005391499999746 220.9183313599999963 16.3840418899999989
556.0935170100000278 162.6073716200000092 -0.0619211900000000
574.4291279000000259 168.2067017500000077 0.5473756900000000
501.9249214299999835 191.6831314899999938 3.3505409500000001
590.3141743999999562 177.3095307799999887 11.2494203000000006
590.7961528499999986 213.9616332299999897 5.5980233799999999
118.1883525599999984 197.9111102100000039 1.1600162300000001
81.1371203900000069 218.5430145999999922 1.0719695800000000
79.1402526100000046 198.2458289500000035 -16.3488052999999987
117.1235712200000023 215.5916574000000026 6.7749908200000002
94.6173148499999996 204.6183035399999994 -4.9199107900000003
153.6360732800000051 211.8241280500000130 -4.8143637100000003
218.4392840300000103 247.0921012000000019 2.4020199400000002
362.4912813400000005 233.4315187500000093 10.3210409199999997
444.1870330200000012 190.2251890400000036 2.9278846600000001
314.3681905400000005 233.8381588700000009 5.3967984400000004
394.4699263599999881 237.0456637100000137 -16.3948537399999985
464.1991488499999718 187.7672527899999864 -1.5853775800000001
416.5747670000000085 209.6022309100000030 1.1452191899999999
581.8728760400000510 229.7185020999999949 6.5349671400000000
555.1916682400000127 218.4076037099999894 3.6413589300000000
9.2484053700000004 178.8684323100000029 -0.8190963900000000
185.1017384399999912 213.4153975700000103 0.4014763900000000
100.0772227399999963 221.6926708999999960 9.6016290800000004
243.8591824300000042 261.6258888799999909 -6.3996112299999997
68.8951627400000035 183.1803674100000023 6.4818463399999997
134.8807039300000099 221.8002153799999974 0.4647796700000000
273.7814525900000149 219.1250916900000050 3.1752347599999999
378.4619516199999794 244.8351943700000106 14.9399785299999994
292.4185021700000107 247.1345091700000012 -2.5082490499999999
290.9674218200000269 229.2805886099999952 -0.4150850600000000
253.5751626100000067 233.2850532600000122 3.0392430600000000
331.7116993600000114 226.9514166200000034 -6.2215199400000003
411.1945084000000179 227.6900326399999983 -2.1584972400000000
521.6173735999999508 192.7698200000000099 -5.2135727999999997
556.1322888400000011 199.7657576500000118 0.2758531700000000
33.9016204599999966 190.3090525700000057 -15.3978310599999997
64.4871620899999982 209.6383602200000098 4.2143541500000001
83.7120506800000044 236.7117849200000137 0.2444595000000000
309.8887958500000082 251.7738938900000107 -5.2478350200000001
202.1699662100000126 239.0991432600000053 -5.9912537199999996
274.6903785900000230 238.1205651600000124 -3.5751823699999998
254.8826408500000014 215.2723285600000054 -1.3224638700000000
360.0191603999999757 251.3525447199999974 4.4916182400000002
326.3490606799999796 263.3848548899999855 -8.2993718899999998
328.8602458799999795 245.8689410700000053 -7.7046596699999998
435.4836309099999880 210.8568203400000129 -3.5880803600000002
489.9358497100000136 207.5019282599999997 4.5398899000000004
537.1840760500000442 214.9792017000000044 -1.3971557100000001
568.2795852900000000 183.8483523799999944 -0.2646009600000000
541.0181034900000441 231.9676411899999948 4.5464430499999997
54.4793862100000013 194.3890356999999938 4.1510154200000002
65.1681131200000010 229.0161809800000015 5.6137907499999997
151.6062954299999888 231.9538837400000091 1.5092395500000000
168.0616263999999944 224.1417213000000004 5.8208617000000000
167.6499442200000090 242.5421293599999899 -3.5685529300000001
345.7985400300000265 240.1689753800000062 6.7519407400000002
256.5830108000000109 273.4982699700000239 7.6234923200000004
289.0370296400000143 266.5688484899999935 2.4109135199999998
396.6057055499999819 256.3612014999999928 -3.9906931900000000
452.1023003700000231 240.6983243399999992 -1.9236418799999999
500.0959182999999939 223.9393678700000123 -12.8007520499999998
471.8041850399999930 205.4959943300000020 -7.1031053999999996
548.9121490400000312 179.1045208600000080 3.4393181099999999
510.8939571299999898 240.7690152000000126 10.7270634900000008
563.5449635799999442 232.6423975399999904 1.9842501200000000
25.7839853300000001 205.1581428099999869 -14.5461478799999995
31.8425729799999999 240.8682981299999994 -23.2260354699999993
9.8204991600000007 198.2100072099999863 16.7657027999999997
45.2016402200000016 209.9791986900000040 -3.0350648400000000
184.7662506800000131 248.5096675599999969 3.3979295199999999
275.3518180500000199 256.0246408799999926 6.7698297099999998
221.2981074399999954 263.9399783200000229 1.7096659700000001
201.8214319900000078 258.5502331499999968 3.2745398500000000
336.6807547799999725 277.7469345900000235 5.4684175200000000
412.9150717599999894 262.6634024499999782 3.2532474200000001
509.4019196400000169 208.0067703500000107 11.0314491900000000
430.8740469900000107 229.0347631699999909 -9.9653208200000005
573.0749558400000296 210.0656857099999968 6.0722225200000004
491.1197743999999830 239.6104602100000136 -0.1115316600000000
590.3248099899999488 245.1636267499999917 -7.3956555000000002
25.6153022800000016 257.6929415399999925 11.8123602699999992
11.5908035199999997 236.3612603999999919 -11.5980544900000009
43.5994428099999993 257.9177541500000075 -0.0273334200000000
27.5243308599999992 224.2350748300000021 -11.9525176000000002
120.1036697100000055 235.7965099900000041 -1.2336765999999999
100.4755588999999958 240.7273722799999973 -1.3429738400000000
137.8049613700000009 244.4829654199999993 -4.6214403300000004
175.0200132600000131 264.9983958000000257 -3.5123728500000002
235.3406799299999932 277.4786489699999947 -1.9229522200000000
259.8958854200000133 290.5124486700000261 -4.2790570399999996
482.3691848299999947 254.5636063100000115 -5.4501112799999998
454.1648647200000255 205.1217541000000040 -11.8473940199999994
386.0654404300000238 272.3476889199999960 -3.2217145299999999
519.8331995800000414 224.9389762899999994 2.9243209999999999
552.4511883200000284 247.2651587000000006 21.9661932200000010
9.3257682499999994 216.9637524199999916 -4.9944031200000003
28.8432641700000012 276.7384372500000040 -5.0766843200000000
122.6798806999999982 271.9763867799999844 1.6255459699999999
46.8505856000000023 227.4482524899999873 -10.4150454700000008
56.7856987999999987 245.0638525500000071 6.2687853300000000
155.7695570200000077 256.0079192300000273 -3.6022616699999999
226.0211731599999894 306.4422895800000219 2.5095942700000000
220.4787149699999986 288.7013645399999859 -2.2176900700000002
307.4810636899999849 269.3831973200000220 0.4526831100000000
240.8036312099999918 293.4073591000000079 4.2317776499999997
369.9463182000000074 265.7406916799999976 3.3505249799999999
431.0774736800000255 267.2065064799999732 -0.1317245900000000
460.3002437999999756 222.7714995800000111 10.9834127200000005
572.7060633300000063 247.5599005100000056 3.3201816800000001
590.5035104600000295 262.8907772900000168 11.6087723500000006
71.7915258400000056 276.3330442299999845 -5.8751687900000000
187.3781501500000104 277.7485903099999973 3.6486361600000001
112.0581179499999962 257.2350036000000273 4.4639756300000002
9.2680699700000009 254.3490813200000105 -0.6215999800000001
148.9789371100000039 295.5204220400000281 -8.1960173800000007
274.2060154600000033 277.8220177300000273 -3.6823738700000002
319.7605922000000191 282.2770694600000070 1.9616809600000000
356.1744652099999939 280.1083914700000150 2.3426720500000000
207.7786932299999876 275.6379143500000168 3.2009296100000002
346.8270818999999960 263.0697283999999740 -3.2767495599999998
372.4923880800000120 285.6898791500000243 -2.7849212600000000
404.0030330399999912 278.1740208800000005 4.4191878300000003
499.8875622699999894 262.1007321199999751 -3.8124836900000001
530.9149172200000066 246.6901604999999904 -3.1292041700000000
559.0149285899999541 294.4109168400000272 2.9654350300000001
13.7143029999999992 309.2724620600000094 -19.7913561700000002
229.7771811899999932 324.3506651499999975 -2.5782342100000002
245.6678154200000108 309.9399205799999777 10.0962516999999998
277.4473165599999902 296.3880146600000103 -3.5581319400000000
51.4007336700000010 273.2784838700000023 -13.7376322399999999
69.6827249899999970 258.0065764899999863 6.2370655900000003
140.2789651800000001 263.3646210399999745 -10.1339567099999996
157.0943008899999995 274.1882957400000009 7.3784913799999998
449.5820768799999883 266.0038076199999750 -1.9320242400000001
389.2917533500000218 292.9499845899999855 -5.6753779499999997
437.7028779099999838 250.4506274700000006 -0.0221611800000000
419.1938579600000025 245.3493923000000052 -5.1671214000000001
480.2488099600000169 223.8506886199999997 -0.2526752500000000
470.5819925999999782 240.2915599000000100 0.7566506100000000
571.2675764699999945 279.7005037499999958 -6.8679663399999997
82.8182433099999997 292.9014738899999770 1.4957412299999999
31.5003963499999990 310.2833250599999815 -9.9768921699999993
263.4092471700000146 310.4872565699999996 -2.7056566000000002
249.2915140599999972 328.3728334300000142 12.5011240099999998
359.1192483599999719 301.5805467199999725 5.8094327200000002
376.1737173800000278 307.9895406300000218 -6.8535073899999999
344.1954314299999851 293.6354063300000234 -2.7093925699999999
468.8676303699999721 265.9926105100000200 -3.2555033000000000
484.8302432400000157 274.9094934299999977 8.3780328199999996
560.8424209600000268 263.4715942999999925 -10.2632989200000004
460.7401335000000131 281.7324271200000112 3.9703164700000002
441.8268734100000188 284.5300129299999981 5.1389308099999997
540.6561066100000517 261.8357902399999944 -6.6994527399999999
550.6322991700000102 278.6087625900000262 3.3993695300000000
517.0780331400000023 257.9695765100000244 3.9656297100000000
45.3711447800000016 289.6851153800000134 -8.1107226200000007
86.8632596799999988 255.1427764700000012 6.7435992300000001
171.7007709199999965 287.4896715799999924 2.9417389300000001
200.8566138500000022 292.3152009600000270 12.7461439799999994
208.7461061399999949 308.5373348400000282 6.6887524899999997
363.6727966000000265 320.2669621699999993 4.1047868899999997
407.9463567899999816 295.4871821400000158 -0.3571029600000000
396.5769920999999840 310.1017882699999859 0.1635298300000000
448.9266300900000033 313.3083871599999952 5.6853198599999999
422.0006136900000229 284.2762035299999752 17.1730977500000002
291.7737594800000238 283.8778055799999720 -13.0676765699999997
468.0962754000000245 317.5915939299999877 -8.8803539800000006
526.0671435900000006 275.5109231299999806 -0.3441284500000000
487.9985655300000076 305.9719287400000098 -1.6546258400000000
590.5870114900000090 280.5805050700000152 4.4845881900000002
97.3065027699999945 269.2603990499999895 3.9550114900000000
136.8199238699999967 282.2555217799999809 -7.4282529600000000
63.7835416899999998 292.6710887099999923 0.8869736700000000
237.0701550699999984 342.5476474800000233 -7.2967206500000001
292.4834784399999990 307.3906851799999913 -0.3731351400000000
307.4742342700000108 295.2745612200000096 -0.6351818100000000
416.3536664599999995 311.1028196799999819 -4.6396557200000004
344.3392078900000115 313.1425692400000003 -1.1946386000000000
433.2091414899999791 300.5589368199999853 1.0540787300000001
462.1422715100000005 300.3064362999999730 -1.1854115199999999
497.1485185000000229 290.3625875899999755 -2.9220122200000000
514.0235274699999763 297.1763269699999910 -0.5484505600000000
483.6648248999999851 324.8786348799999928 1.9040089600000001
536.9829665700000305 290.6644100799999819 -5.1545094799999998
509.7201821500000278 278.6091922800000020 -10.7439410899999999
112.8390038999999945 312.3582563800000003 5.4024992999999997
26.4122276400000011 293.6378662800000257 4.2869094399999996
8.8305879699999998 291.9504221099999768 3.6235372699999999
122.2141792900000041 294.6846146999999974 1.4730682399999999
185.2101148600000045 301.3419912800000020 10.6122419499999996
278.8009549299999890 321.2188842699999896 1.8941007000000001
327.4297983999999815 298.5901681999999937 0.0820613900000000
329.0442963200000008 322.3116455300000212 1.8389331600000001
298.1858547799999997 324.3054829600000062 -1.1681847200000000
350.5775962600000071 332.3010950899999898 -4.2897937800000001
477.6590149799999949 292.1311524199999781 -5.1421738599999998
406.4053272300000117 327.0184102299999722 -5.5696109600000003
498.6959512399999994 339.4517831900000147 1.6658249700000001
499.9465279899999928 321.5948179499999924 2.3758421699999999
532.0131500899999537 306.2136521400000220 5.5804708900000000
18.6961816799999987 343.3333101399999805 -3.8882306500000001
135.1706478300000072 307.7854827599999794 -2.2845156200000001
108.1089498099999986 283.9508882200000244 -7.2932394800000004
126.0073148700000019 325.6813163499999746 1.3162442000000001
99.7457001700000063 299.2526992800000016 2.7412570900000000
312.0914159600000062 312.5080557599999906 1.0546032599999999
185.4891456299999959 334.8044611999999915 2.1392993800000002
153.9308037399999876 316.7246734799999786 -5.1096530299999996
176.4050743999999895 318.8066023900000232 0.1859107600000000
165.6342898199999922 302.8574778999999921 -2.4892922700000000
386.6652622299999962 324.9037909099999979 -1.8934962000000000
437.4644341599999962 337.7321643700000209 -0.2241559100000000
455.0211155100000155 332.4250124299999811 -0.0815721900000000
431.5298050100000182 321.1926897399999916 -6.4184621899999996
472.1664271800000279 338.9435865699999795 -2.3105166900000000
50.6968075600000034 308.1998858000000041 -14.0704910000000005
9.7319685800000002 272.1533728100000076 1.7402591300000001
27.7100067599999988 327.7015594999999735 4.3563584000000004
70.9751791099999991 310.3058895300000017 -11.5040191099999998
113.6376196100000016 340.0850400200000081 6.7070838000000004
143.9169088600000066 329.7060076700000195 3.2076243299999998
336.0676713999999947 341.0834566300000006 5.1391838200000004
346.6179898500000149 357.1942514899999992 1.1286917999999999
361.0911139199999980 347.4712812299999882 2.1770302600000000
194.9771697500000016 317.7824029399999972 -1.2148715299999999
366.8151328800000215 365.7800406200000225 4.8522336099999999
394.9651119399999857 340.7898784600000113 1.2214743699999999
517.8573375199999873 338.1689228199999775 10.5503562300000002
579.1402653300000338 296.0103570800000057 27.3579295999999985
553.1571273600000040 354.2356252100000233 -2.3473954199999998
57.1950233299999979 323.8104768000000035 8.0925004600000001
43.8687646500000028 371.9098120699999868 -23.5908109599999989
9.4408160100000007 359.2099768300000164 -2.9252840800000000
96.4567668300000065 330.6079177799999798 -0.6907507500000000
275.5097538800000052 373.5484200399999963 1.0348913200000001
263.1014853400000106 338.2557211199999756 -0.3291108400000000
314.8722934499999724 332.8053684299999873 4.4181666999999996
420.8644158000000175 340.2779913100000044 -0.2894447800000000
380.0432814299999791 352.5928448500000059 7.6386973200000003
373.0229349499999785 335.0428885300000275 17.9001258199999995
448.5203761299999883 371.6657569100000273 13.0138151200000003
463.7882839100000183 356.6034922100000131 -3.3670855300000002
446.1599060400000099 353.6802231300000017 -6.3885396800000001
518.8676526899999999 318.9190540700000156 -6.1962165999999996
537.4557325299999775 323.6639854200000173 -5.7801018800000001
55.3478216800000027 357.7989571100000035 -2.4617755799999999
8.8710997200000001 326.1343760899999893 -14.7482356800000005
131.3646040300000095 343.3764617599999838 -3.4527716100000001
218.5258297999999968 346.4336115599999744 -4.7210022399999998
165.0904244399999925 332.8183665399999995 10.7354643200000002
250.3863373199999955 397.5998469500000283 4.6301031000000004
149.8715192800000011 347.0025149300000180 1.9453197200000001
282.1122930299999894 340.2230187000000114 1.3805725400000000
318.5061861799999861 349.7559791200000063 -6.6477966500000001
408.8142043999999942 353.6168089000000236 8.3319751899999996
484.8694806699999731 351.5600857499999847 4.3462719999999999
550.6335202300000446 309.4662957300000130 0.8101650800000000
553.1249243199999910 331.7087305300000253 1.7878882199999999
546.9869198599999436 374.6592730699999834 -2.1810578700000001
535.4984565700000303 360.2323372299999846 -1.6656644000000000
62.5178957999999980 340.9265216499999838 -12.8172752699999997
38.3268561100000014 352.9993020900000147 4.3765131100000003
44.1442532499999984 335.6719547700000135 -3.3516061499999998
76.5852392299999991 328.6193802099999743 -2.6578236000000000
379.1974247499999819 378.3429632599999763 1.4884810600000000
410.8920565500000066 373.2597672200000147 -4.9752093799999999
396.1694715599999768 384.0921519999999987 -0.2294277500000000
211.5286246999999946 328.3638439999999719 -4.0877169899999997
272.1707642700000065 355.1434505799999783 -1.3662101000000000
519.2184444700000086 357.5846977400000242 3.8710161699999999
299.8682079399999907 344.2884082400000239 -6.2702115200000001
570.5146199700000125 331.1446244699999966 -0.2693284100000000
568.5689433600000484 311.8686622000000170 -7.3131761900000001
590.2020704499999511 311.9011098899999865 -4.1326131200000003
589.8880021200000101 329.2777802400000269 10.3157559800000005
78.9911101900000006 348.3454284599999937 2.3737604499999998
89.5918763500000068 314.5047420299999885 1.3992843600000000
96.0402315399999935 350.2085999099999754 -7.6262187499999996
114.6799156799999935 357.1853071699999873 -1.8468469599999999
278.0390725600000223 391.1440288599999917 4.3127157800000004
308.2445918199999824 364.0068823600000201 3.4613462600000000
259.0998779600000148 380.4301351400000044 -3.5451282900000001
330.1957641399999943 365.9617822499999988 6.2086927400000000
427.1529942199999823 358.6841282199999910 6.6782856300000004
344.5415856100000269 377.4964648900000270 1.1175235299999999
529.8305559000000358 378.8293870800000036 1.9422193000000001
538.3169815100000051 342.9291874099999973 6.6425072299999997
589.2247978699999749 367.5054410899999766 -5.6577220500000003
571.7576967400000285 420.2029712400000108 5.3479607299999996
572.0785383700000466 400.9345779500000049 -19.7338990699999997
26.0624086499999983 364.8826362899999936 0.5284404900000000
172.9253380899999968 348.7024243199999773 -9.5981518099999992
81.1284390000000002 366.2897405200000094 -9.3747973000000009
228.7194170500000041 360.6059617399999979 3.8360067700000000
252.2597405100000003 353.2218722999999727 -9.9928816200000004
294.9939148899999850 413.9456882700000051 0.2484364500000000
294.1908334600000217 377.6134251799999788 -1.3802485799999999
289.9187332500000025 359.1560867700000017 -1.8607171000000000
477.3523425000000202 368.7223937599999886 1.7515346300000001
500.3455855999999926 363.0743067899999801 0.1713512600000000
512.6237837600000375 378.0991746899999839 -4.0223627100000003
571.7623470300000008 349.9177959099999953 -0.0770171900000000
581.2756265000000440 382.5240865499999927 3.8707449199999999
504.5451032799999780 434.8147257100000047 35.8715910900000026
590.1640026400000352 347.3713939599999776 19.7513053399999983
8.9438893799999999 390.0637186000000156 -10.5497989099999998
100.5638460499999951 368.9828236600000082 12.6671452099999993
41.8347830499999986 389.5644324200000028 3.9788196600000001
150.1996487199999990 364.7949894000000199 -1.6051865500000000
332.2584656399999972 408.0830187700000238 -0.0865376400000000
210.5912932699999942 362.3999909500000172 3.7945845600000001
315.6625743700000157 399.0869912399999748 -1.5434855199999999
317.7121196499999769 379.2116421399999808 -2.0751143000000001
360.7450505599999815 383.8969360899999970 2.0748685999999998
372.3216361699999766 396.6302614499999777 4.5867128199999998
541.0822467000000415 393.7596267999999782 8.5679048499999997
563.2913524699999925 385.0424740299999939 -4.4458754799999998
590.9475519300000315 396.6156009000000040 3.5400483000000000
553.6010628499999484 423.0860367299999893 5.9199287800000002
565.4486445600000479 439.1360818599999902 -4.8217125999999997
25.6080099499999996 381.7553744599999845 2.2195702300000000
168.7489629600000001 366.4325464799999850 -0.3349027300000000
64.3893308199999979 372.0413422699999728 -8.8932966499999999
131.3355274500000007 361.7284476699999800 -8.6273032300000008
243.1349904900000070 373.7477572600000144 -1.3274426600000000
297.7680412299999944 394.9915919100000110 -9.5474384400000005
457.1155723499999795 388.7771419000000037 8.8536182700000001
436.4882777099999771 394.7753969299999994 0.8179789100000000
350.0277443100000028 399.5767586800000117 8.7762408799999996
393.6100611100000037 364.4572462500000256 17.6066845799999996
521.3566905999999790 396.1910561600000165 -2.6831393700000001
567.8099772100000564 366.9590344000000073 2.5222201700000002
533.6634581800000205 411.8733249699999988 2.8856909300000000
503.7868884900000239 395.1762660599999890 3.3683653900000001
590.0790044899999884 414.5548688200000242 11.2658183899999997
83.2535330099999982 383.7455364499999746 3.6063547300000001
26.6648936899999995 399.9266585400000054 7.2624735400000002
61.4880892999999986 390.5726902100000189 -7.6550859400000002
117.6419320800000037 375.6892346800000269 0.9686604599999999
187.1555874999999958 359.6690279300000270 2.9995722300000001
266.8414243600000191 405.0219073600000002 12.6946701599999994
344.3487563099999988 438.4307817200000272 -5.3165892299999999
362.0055727199999751 431.6772351299999855 -1.6878534800000000
493.8062416999999868 378.7783809100000099 -4.6128003599999996
476.2570635399999901 386.6670523700000217 0.0859013100000000
331.9454455000000053 390.2621851600000014 -2.0158739300000001
364.8319749400000092 413.2295803499999920 -0.2138656100000000
450.1924783800000114 408.3494202499999801 2.4854961400000000
487.6253026699999964 401.1401091999999835 -1.3208204600000000
521.9375653600000078 429.4397828499999719 8.1596983600000002
177.5047914200000037 382.8545496300000082 -3.7267597200000000
137.9015060000000119 378.1075083700000050 -4.1524445099999996
221.2026615000000049 377.7125199299999849 -6.5978821700000001
169.7388466799999946 399.1300671999999850 6.8468580899999996
196.0692051100000128 375.5797223600000052 1.7465577600000000
200.4288530400000070 345.0424860200000126 -2.2482873900000002
157.4745091300000013 381.3987183899999991 9.6875538799999994
207.7455669299999954 391.3833450399999947 -2.5720087899999999
386.8474777900000277 407.8246228699999847 1.1927511799999999
415.8278476899999987 389.9222596600000088 -2.2943890400000000
430.3467494399999964 378.4681355499999995 2.5613319899999998
554.4630333799999562 404.9227625999999987 3.2656783500000000
496.6713095599999974 419.6695945499999993 -3.5112868200000000
468.4990019499999789 402.8080613899999776 1.1634745700000000
478.6099759200000108 419.3754670299999816 -0.1478101400000000
127.5765099599999957 434.1991274499999918 1.5971958700000000
42.7567825799999994 426.5748688099999981 -23.1155229800000015
10.4038416399999996 409.7300973600000020 -13.0542953500000003
189.1675532399999895 396.0115533399999777 9.1929311499999997
221.3656614200000092 402.4915182799999798 -8.5411863799999992
289.5060068999999885 430.7971088099999974 -6.2732655299999998
314.8900368899999762 418.6241503800000032 -2.1844444799999998
346.3377975500000048 419.2316568800000027 2.9938775600000000
234.7443617099999926 389.6845055300000240 1.5842869900000001
326.8071255899999983 430.8288226899999813 -15.0617079900000004
404.9281311299999970 403.8898889199999758 -2.5258452500000002
375.1156676599999855 446.3931697599999779 7.3302275600000000
512.8506568499999503 412.3547720099999765 -8.1187089100000005
416.7311036699999818 424.5853769700000271 5.2025676399999998
510.9384752999999932 459.9036351799999807 -10.4948223200000008
93.9920281699999975 403.3304529299999786 0.7950765300000000
117.6977242899999965 397.2691130900000189 -4.4874663100000003
59.2174000199999995 409.8760644000000184 -12.6011424900000009
75.6081546300000014 402.5291587300000060 6.0565824199999998
152.6564798299999950 399.9103692599999818 -4.5352573999999999
274.9074124900000129 420.3466273999999885 3.2905915499999998
253.9690873899999985 417.3252575299999876 3.5613754599999998
398.9297889599999962 422.4191272400000230 -4.2880825099999997
425.2806576500000233 407.9257486399999948 -0.2626029200000000
306.9879044300000146 436.0183299199999851 -4.1288748899999996
437.7665686299999948 423.4787128400000142 1.0568666700000000
428.1325179599999728 438.8936906800000202 -5.6401199499999999
380.9256143000000066 428.6165101799999775 5.4224544500000000
484.6769327399999838 435.7289242900000090 -2.0922621200000000
589.2659014800000250 431.1488646899999821 -13.4901879299999994
130.2738281100000108 414.3193587900000239 -4.6404818800000003
109.7994548000000066 414.4794287999999938 1.6443373699999999
103.0784781499999951 387.3135940199999823 16.1835740299999991
152.5639393300000108 443.8413709600000061 -12.5462522300000003
237.2703869800000120 410.1547331400000189 4.7483883200000001
158.8157641900000101 416.2028601200000253 9.0229279899999995
439.7556300699999952 453.3778105900000241 -4.2774238599999999
286.0993680500000096 447.2902246699999864 -6.7098921000000002
219.1645794799999862 421.4991326900000104 -1.6815949699999999
307.2685575099999937 469.2715758400000254 3.5389958799999999
313.1852238800000237 452.2355484400000023 -6.7207067299999999
526.2020726700000068 446.5544822100000033 0.0000435000000000
589.5320353399999931 448.5693122399999879 -11.9588107000000008
540.4249633399999766 434.9734956899999929 -1.1443979500000001
460.4198522899999944 425.2287054899999816 -7.3744859299999996
192.4350291599999991 452.7665076499999941 6.5181496299999999
109.7834158200000019 433.3925745299999903 -0.5447608000000000
114.9379772399999950 449.8462146699999948 6.4907619099999998
135.1408175100000051 397.0148452500000076 -0.9945443400000000
194.5139005700000041 423.0189798000000110 -3.8579211099999999
178.7740945399999930 416.2145525399999997 1.0270778800000000
166.4866072199999962 432.8946486799999889 5.8860843799999998
324.9685459099999889 467.6881018999999924 19.4998078200000009
493.9817496599999913 471.7931806000000279 -0.5848734500000000
359.4327922599999852 474.6890500200000247 -17.8184934300000002
331.1411611199999925 449.6677949499999727 4.6308976199999998
468.6906594399999904 442.9811305499999889 2.3747557399999999
412.9857327199999872 450.4184056600000190 7.8830651600000001
450.5712883400000237 439.5493328599999927 -6.5230118099999999
590.9157402499999989 467.1316567200000236 32.6095614800000035
75.9718108299999955 420.9561111699999856 -24.3364232099999995
62.0653511499999979 429.8818709000000240 -3.7249062899999998
144.1374242100000060 426.3916208300000221 1.9789510699999999
134.5128942800000118 450.2026126000000090 -9.9584517199999993
203.8804868500000111 409.3474413800000207 -2.9978026299999998
240.6980085099999940 466.6237451100000158 -7.6150437699999998
268.7366274500000145 437.6559761600000229 -1.5694113199999999
221.5516372099999955 440.1021049700000276 -5.9036535900000002
356.6592605000000162 453.2999578399999905 3.2396221600000001
374.1670757300000218 465.1616846000000010 -5.3611201900000003
391.7551121899999771 456.8517418999999791 -6.3113617299999998
398.7609320400000001 440.3039374100000032 -1.6213579199999999
405.0129396699999802 468.0735807400000112 -2.4621221900000001
424.6613715199999888 463.9398345800000243 11.0354875099999994
457.6798103599999763 458.3396954799999889 1.4223012799999999
43.2990658599999989 408.3166901399999915 15.8469591300000001
24.9792891799999985 418.9161490299999855 -19.2341534600000017
220.9325359700000035 458.2218456699999933 -5.0720221900000002
236.7005795800000101 428.4306981700000279 -13.5849174399999999
204.4519961599999931 465.5471236500000032 10.0453634399999991
348.0010361500000045 515.9855425399999831 8.4260854599999995
251.9490147100000002 436.6317559400000050 10.4783631800000006
271.5280512799999997 465.2288810800000078 -4.3025537600000003
337.6465203999999858 482.4804171999999767 2.6126654500000002
387.5603717299999857 476.1244713500000216 3.1458263799999999
538.3485897100000557 460.4267355999999722 -11.0812267900000005
524.1957857500000273 471.4957262600000263 -6.5232843200000001
478.7070847900000103 497.1981351800000084 7.8331610300000003
589.6326523100000259 496.8261707400000091 34.0591995699999970
554.1013724299999694 452.8462605600000188 10.8203416600000004
150.1360341900000037 462.0559034099999849 2.4472629499999998
154.8904567399999905 481.0007768599999736 1.1389866700000000
204.1433522099999891 436.9823991599999999 -2.7822885199999998
184.1522907700000076 437.0720885100000146 -1.2811400600000000
122.5760441399999934 467.5701171800000111 5.5911996799999999
170.5534086499999944 451.5801473999999871 -4.1513444000000002
60.4498643800000011 448.8309360800000150 -7.9259673700000004
237.8212680199999909 448.3310328800000093 -10.8067470199999995
342.6351451900000029 464.6938391699999897 14.5622284400000002
372.9497652900000162 486.7341447800000083 1.7711827600000001
476.5519227899999919 460.9245253199999866 -4.0318281799999998
476.0614989900000182 479.1588113399999997 5.8737654399999997
494.1868178400000033 453.2634242199999903 -1.6470264400000001
497.1652522699999963 488.6315548200000194 -8.2040189899999998
573.6034936199999947 455.2246464599999740 23.4740354899999986
96.1758070099999998 445.9562366399999860 -5.7878273599999996
24.8243056300000013 456.4720605200000136 -19.8605590999999997
79.3760497300000054 438.8610694299999864 7.2957945400000002
9.9201452900000007 447.4619183099999873 -6.1938827800000000
25.2273546199999998 436.9620010300000104 5.9350403700000003
384.2266968100000213 521.8254698900000221 -3.5608512299999999
101.2588701100000037 463.5693072099999767 -10.2070926199999992
256.4762611699999866 454.6266317000000186 -6.0995153499999999
354.7535271400000170 492.0911830800000075 -1.2481395600000000
289.8124435600000197 464.7088825899999733 2.6798413299999999
441.8257470099999864 471.4710687499999722 4.1515674000000002
457.4496584899999903 478.7285113899999942 2.1344891499999998
494.2377554799999757 506.9439576899999906 1.3105377899999999
529.9420786800000087 489.6403691200000026 7.7611311599999997
545.8931254399999489 480.0205520499999921 5.6881700300000002
8.9009145499999995 428.9989430800000036 -44.1404903800000028
41.1838724899999988 445.4733985799999800 1.4310071499999999
40.7407287300000007 464.4813448200000039 -23.9559086500000014
84.1894591899999938 474.7207564000000275 -7.1339252999999996
186.6848822400000074 471.1738262499999905 -4.6636634499999996
257.7964642000000026 476.2746889599999918 0.3986109600000000
321.0857525100000203 487.6019622000000027 -2.7599764100000002
401.6308854399999859 490.1624019500000031 3.3973961600000000
284.1883114400000068 481.5382123699999966 12.6998611700000001
418.6989380399999732 480.4115433000000053 -1.7384092900000001
363.8847910800000136 506.4861819500000024 2.0667220700000000
512.2332491800000298 515.0338196100000232 0.0714060000000000
561.9311386199999561 470.9716040499999963 -2.1219792300000000
564.9076925900000106 490.3755940400000100 -3.6186272900000001
580.3166625600000543 481.1086537400000225 4.5610898000000004
93.5755343200000027 426.3371495499999924 1.0590331200000000
63.0136897300000030 467.5914154999999823 -3.2245695300000001
252.1923075900000129 494.6998158999999760 -7.8282984400000002
78.4433839499999976 456.4544684300000199 3.3618281699999999
238.3942196499999966 484.5189183800000023 1.1331566300000000
303.5887771800000223 487.3185205300000007 -0.0513106600000000
278.9298659799999882 515.2634344399999691 12.4419959200000001
289.8087274200000252 498.8675302899999906 0.5134700000000000
312.0133648199999925 505.0234742399999845 1.4846724600000001
402.0991282699999942 508.9297509799999943 5.9858352799999999
419.4816012800000067 500.2274130600000035 -14.4986704799999995
337.7473608199999831 500.0577276500000039 0.4796071500000000
537.1123533799999450 527.5753397900000436 -6.7393509299999996
512.6900608500000089 496.7193361600000117 1.1216068200000000
547.3219711899999993 498.1458828599999720 -5.1123227499999997
200.8130778599999928 483.5114790599999992 -22.7735677400000007
143.0425963499999966 496.5347580299999777 -65.6921891300000027
118.5577403099999998 487.7011428399999886 -6.2228533500000003
169.5686299600000098 468.1650083299999778 0.7283414100000000
222.1478520800000069 476.3454883699999982 0.8368979000000000
401.5487653800000203 527.3658348500000557 -16.1635859500000016
216.0059679999999958 494.0391657000000123 5.3444915499999999
419.3832998099999827 518.9331755900000189 12.2897003999999992
259.1623268100000246 512.0883912799999962 6.7539674400000003
233.2547624800000108 502.0196224399999778 6.2720884200000002
493.2283069200000227 524.2033578199999511 2.5239395199999999
434.3859202500000265 489.7164783499999885 -0.6831584500000000
383.6551536200000214 501.5563961099999801 2.2047906700000000
550.4660433999999896 515.3720934399999578 -8.3534164299999993
573.4028901000000360 506.2673513600000206 27.4902140599999996
48.4122745600000002 480.4686147200000050 -10.6404289199999997
173.7315238699999895 485.2420869800000105 -21.3473255299999991
67.5609073800000033 484.9003753499999902 1.0641900500000001
270.9572398399999997 496.6297724199999948 3.9111167199999999
100.6543515700000029 482.1628931700000180 -29.7349487199999984
136.4802974499999948 478.7189033199999812 -2.5291431700000002
530.7429928200000404 509.3699504699999920 -0.5202629900000000
439.1371034399999758 526.9573679000000084 -5.3091170099999996
366.0896365099999912 525.7624676699999782 2.5850455200000000
452.5999131699999793 514.8924768499999800 -3.0043012099999999
435.6199699800000076 509.0242670100000169 11.8095484000000006
470.1582152299999962 513.1894935599999599 -8.5369478200000000
459.4376814400000058 497.0012434999999869 8.1077950300000001
591.0550054100000352 516.0783028700000159 -0.0164842600000000
566.9269328599999653 524.6141347699999642 -8.2058719999999994
