0 12 0 -11284627.8862035609781742
0 66 45 19326599.4149781763553619
0 82 106 475580.8219915704685263
0 89 106 -3123240.1241536266170442
1 27 0 6334334.7696797829121351
1 68 90 5942460.3248161757364869
2 1 17 9799.4403027879361616
2 67 0 23306.8114418694276537
3 1 18 -5162386.3190927663818002
3 63 0 16272182.7009630221873522
3 90 16 492930.3389538500341587
4 9 32 843.2671359126144353
4 35 0 -17175.5814586931992380
5 27 19 -12182084.9560880102217197
5 81 0 12095851.2637714277952909
5 93 0 4928877.7846930213272572
6 7 20 -1708218.1997710086870939
6 23 19 136896.9369009556539822
6 65 0 5009188.9218298792839050
7 11 0 392446.8523407256579958
7 50 66 145996.4665097341639921
8 4 51 1654482.4596550238784403
8 49 0 4258753.8407042725011706
8 94 51 -217434.3248522433277685
9 62 0 11735.6344334703208006
9 75 0 -14.0983185021171025
10 5 55 353630.8134074335102923
10 29 0 14781110.6251486241817474
10 71 72 7211165.9762503905221820
10 79 72 -247676.3244962923927233
11 21 40 49373.2453697386881686
11 65 0 185171.7954392279207241
11 94 55 -56735.0007240125560202
12 9 42 -119940.1373650599707616
12 19 42 -89861.6662758925667731
12 33 26 1930531637.6317996978759766
12 34 26 -106225258.4203788042068481
12 59 0 537450.9970902868080884
12 89 28 -376735.5574350900715217
13 44 0 -246949.7716071203758474
13 70 29 15847.5467805202988529
13 98 14 664109.0667018180247396
14 59 44 127559.5812103329953970
14 76 43 69113.2772733130259439
14 97 27 -100490.0272177892911714
15 25 75 -2166696.1951408144086599
15 78 0 1576053.1937473942525685
16 43 0 511970.4185189479612745
16 64 32 -368966.1247645109542646
16 84 47 -394004.9968172580702230
16 93 47 -447429.1754850000143051
17 12 46 -10248.5999080560341099
17 20 60 8667.4212167582645634
18 6 47 -2214294.9515812490135431
18 15 77 7520468.1341575644910336
18 38 46 6986490.9724452840164304
19 64 34 -4269047.2051344728097320
19 95 33 2172949.8724288716912270
20 9 79 -68759.1486645011464134
20 10 79 1465916.8477633735165000
20 39 34 -2102203.2650213944725692
21 19 0 -43900.5838954463324626
21 64 80 -45428.9056193826909293
21 81 66 52868.7755481264975970
22 16 36 -6712440.9892069716006517
22 43 80 1193069.9567820911761373
22 74 0 918612.9568195048486814
22 87 0 -16323175.1376106180250645
23 10 39 -2389022.1936938413418829
23 37 38 1411530.5541999149136245
23 67 0 -158987.8508382740255911
24 31 0 971913.9968781530624256
24 44 0 642026.7362103891791776
24 79 40 -2707931.2209358927793801
25 10 72 301857.4888705796329305
25 51 41 5312991.3846123060211539
25 71 73 1433903.5639480273239315
25 85 73 7461.8532291526289555
26 26 41 17338672.7890816554427147
26 37 41 7929998.9633974907919765
26 74 0 695533.3678043306572363
27 30 28 188842.2151348763727583
27 38 28 22194.6907533178164158
27 66 0 -228618.6384943791781552
28 53 43 -58554.8920816902827937
28 64 43 -25499.1298667167648091
29 15 59 -1401943.2392029662150890
29 49 0 627030.4863654517102987
29 86 1 3331444.1930058952420950
30 44 0 -4434964.5433821100741625
30 88 31 -5229027.9228980531916022
31 36 60 -7855195.1588178351521492
31 38 60 20390.1364114843599964
31 56 61 451955.7018557589035481
31 73 75 3048008.3447812576778233
32 40 48 -181003.5362780836876482
32 48 48 -102376.1124984606140060
32 98 0 -6670393.0972266569733620
33 67 48 1225895.0828372191172093
34 9 109 -1281614.6268886618781835
34 26 122 -50562.4280847877671476
34 36 122 -92567.1001169310911791
34 56 35 4682745.7219233140349388
35 38 122 142614.7986500620027073
35 63 110 -131093.2292435260897037
35 70 50 775326.5828010350232944
36 52 37 -5314549.3895526323467493
36 86 82 6613988.4049871899187565
37 58 0 -5279631.0318983774632215
37 94 65 196880.9976995727629401
38 17 53 46370.1502453660141327
38 45 51 -376869.6955950040137395
39 9 71 400522.2323626931756735
39 26 53 -735798.3198312532622367
40 18 56 47890.7444870390027063
40 55 71 1930265.7418603745754808
41 83 42 87146.3618659526255215
41 98 88 -20855683.6385557688772678
44 20 104 -3023070.3846340538002551
44 59 59 6111790.8890477297827601
44 78 74 586330.1762025542557240
44 98 148 -7438293.0958131467923522
45 5 90 2336878.0204198225401342
45 23 91 -19472481.3198810480535030
46 1 60 -866086.7767681980039924
46 67 108 4870321.8307921169325709
46 85 62 -120169.7909497617656598
47 49 49 4885932.3095727171748877
48 27 49 1437650.1170205748640001
49 25 50 6931705.2403905410319567
49 52 63 -4703005.3703117053955793
50 32 64 -326965.5467473251046613
51 45 52 435589.1140006722416729
52 15 68 5149700.8306976826861501
53 13 67 -639645.5332664866000414
54 20 67 2402438.2363959238864481
54 58 71 -2098073.5400933949276805
55 88 56 -177989.3238966946373694
57 0 132 -3008002.7769597540609539
57 9 102 -4687534.1289733313024044
57 48 89 80176.7427840182062937
57 58 89 5288213.9082373240962625
57 99 132 -3008002.7769597540609539
58 16 89 256317.0660111441102345
58 53 88 -1533511.2041093315929174
59 22 74 310732.2514907211298123
60 22 62 -1457016.4522993934806436
61 40 93 -5758533.7119276002049446
61 61 151 350756.0695761712850071
61 90 75 -5895496.6810674360021949
62 16 93 107707.8117924480902730
62 83 107 -3980408.7238519955426455
63 27 121 -1873619.1365955481305718
63 43 137 10046520.1729044429957867
63 73 77 -10508341.2551243416965008
64 36 121 327154.4175921129062772
65 59 81 -2396928.8872440732084215
67 55 128 1433271.7722408641129732
67 67 84 -3569629.1064865849912167
68 42 81 11272612.4080778919160366
68 81 84 -3946964.3540455154143274
69 15 71 2780200.4279353343881667
69 57 115 5345915.6501764180138707
70 8 128 -1617415.8159778555855155
70 19 128 -732784.3207711968570948
70 64 115 -190915.9415047559305094
71 68 85 -1849289.2915272070094943
71 80 85 448880.0158555748057552
72 8 87 6583152.6969683868810534
72 27 86 -1271587.8734639189206064
73 4 88 -1975381.1228853224311024
73 24 103 -465503.1769364170613699
74 67 1 724739.5652431274065748
74 84 162 -53234.3831140386610059
75 14 90 -3063717.9638665635138750
75 15 90 -79645.9874256007606164
76 4 151 99650.7071261629607761
76 5 151 380456.2193042336148210
76 34 91 -19423.5022970924692345
78 22 95 195678.6892495670763310
78 71 94 -202254.9806488410104066
79 0 109 666186.3820627350360155
79 61 96 -779590.7174768039258197
79 99 109 666186.3820627350360155
80 61 99 83499.0890825732349185
80 67 99 92111.0805561744055012
80 89 96 6860841.7500920798629522
81 0 82 4059107.4926896020770073
81 99 82 4059107.4926896020770073
82 13 83 -234218.1942772366746794
82 32 98 4130287.1397254238836467
82 42 98 203187.3439499460218940
82 53 99 -36161.7199030229094205
83 20 112 4335234.1621594792231917
83 47 111 280173.0340368998004124
84 57 127 -63591.8413126675295644
84 66 127 6612692.7418031338602304
84 74 143 3874957.5891771106980741
85 1 116 -1465386.8175245835445821
85 81 114 -681913.3836264817509800
86 82 100 -1782039.6130672777071595
86 96 114 581097.0690533921588212
87 54 101 4230726.8538436405360699
88 79 102 11221443.4971787910908461
89 8 104 3068946.9534445996396244
89 31 134 216519.9090147907263599
91 11 136 647418.8513697719899938
91 23 136 -1348744.6651117703877389
92 10 153 -1629229.4909534333273768
92 18 153 -307005.3153948581893928
92 67 93 52892.7999986595168593
93 40 152 -188957.5469448868243489
93 48 152 -2177373.4736552969552577
94 2 110 3016465.9607609761878848
94 24 154 501702.5494474546867423
94 52 123 1006279.8588178425561637
95 17 170 198013.6783618584158830
95 24 170 -464361.4527669270173647
95 68 138 -899978.5415970889152959
95 77 138 -778594.0656813438981771
96 85 97 -9039087.5630249604582787
96 91 97 91266.3830867532378761
97 42 125 -1646868.5972352658864111
97 67 156 12007186.9555341433733702
98 19 111 251552.2048291045648511
98 41 125 6800117.8569239601492882
100 81 131 -706790.6108410789165646
101 49 103 684543.7212911689421162
101 60 146 494344.3951794730965048
101 64 146 1215161.0809726570732892
101 80 160 7414395.4092862075194716
102 62 132 -4139733.4503123536705971
102 67 132 -7341365.4678935874253511
102 79 118 -4436830.3646500371396542
104 88 134 -2240.8615912946365825
104 92 134 -178877.1311374639335554
105 7 3 173453.0592896977905184
105 44 106 -274301.8819412266020663
105 45 106 89345.2303287598188035
105 87 120 -490003.6110152218025178
106 56 3 3680907.6623374996706843
107 22 139 1713231.2217759119812399
107 26 139 -146389.0105721195868682
108 8 137 -4674803.9541847296059132
108 18 137 644522.8219774030148983
109 67 156 1969902.6532744362484664
109 74 156 -11195035.1382038090378046
109 91 138 -1901312.8355360599234700
111 93 126 -1688492.1015925374813378
112 50 143 -2215378.3962147044949234
112 81 126 30674.5918677075169398
113 8 127 858054.5604084543883801
113 49 129 661205.3413312569027767
113 59 158 -5282516.7213222216814756
114 58 116 2426213.3079855912365019
115 11 116 1545542.6924597951583564
115 28 133 -1823265.9887790610082448
115 56 129 -3061351.1045893039554358
116 74 131 -691529.5124268250074238
116 80 131 -3178482.9566723350435495
117 6 158 -877079.5728836762718856
117 22 129 805028.7575207300251350
117 58 133 -1573357.2781334910541773
118 14 146 2680853.4275566376745701
119 13 163 119588.9826647099398542
119 20 163 -977981.2811350452248007
119 62 132 848011.7413580752909184
120 0 135 53636.9337686454673531
120 86 135 -21522.2110622915388376
120 99 135 53636.9337686454673531
121 31 123 10757107.4295221939682961
123 44 169 -4560042.6287484671920538
123 56 169 -2416110.1407064404338598
124 18 138 2645356.7765496033243835
124 36 156 182317.8482405261311214
124 68 142 -578032.3051575854187831
124 87 200 1940716.8856461883988231
125 11 140 -2167452.1991044674068689
125 91 141 29078.3138367778665270
126 23 188 14368.7949669895479019
126 31 188 1158380.1935779592022300
126 56 144 -281466.2361778648919426
127 12 172 -120267.9429439548548544
127 40 143 2951529.0156104615889490
130 5 131 -2438035.5490286583080888
130 25 160 -262746.4478435759665444
130 54 175 5385933.2850752379745245
130 55 175 -7211.9980030718679700
130 74 173 -895998.6075873682275414
130 75 173 -141802.8655667401035316
132 77 179 -13449065.0087266564369202
132 87 164 -2062242.3351941155269742
133 35 173 -309168.9382322084275074
133 36 173 -543849.5333721253555268
135 13 136 -7307.5336017455829278
136 71 165 -1115573.6593178811017424
136 92 150 8685890.2081391178071499
137 19 168 6487912.6921848375350237
137 40 139 -2473637.9020954039879143
139 53 182 1084086.5262316232547164
139 54 182 1337793.8015188528224826
139 82 198 812254.1754715329734609
140 39 157 -1638139.0990940018091351
140 76 156 9900710.9859094135463238
140 88 156 5883845.9215131541714072
141 41 144 363533.3542698062374257
142 80 186 107735.7597032625344582
143 6 145 5745098.7201766874641180
144 88 185 362358.8786321900552139
145 12 189 6833424.8241722360253334
145 31 188 -180395.3112097752746195
145 93 172 -345921.9279897898668423
146 16 177 2139462.3450668337754905
146 95 147 -3302792.2983706621453166
147 6 161 -1585749.6612470822874457
147 13 161 -872955.0940799816744402
147 86 164 694016.8669022655813023
148 85 194 -6421459.2541252216324210
149 10 162 -363363.9834091319935396
149 38 224 203057.3818967806582805
149 72 194 155449.9129623251501471
150 18 167 16766613.0553677529096603
150 30 181 -225706.1068972315988503
150 98 210 351322.1327575617469847
152 32 198 922923.1428473079577088
152 57 196 1698333.1594717318657786
152 58 196 368155.6071585494792089
153 10 210 -26305.5816886457396322
153 18 210 -54648.6490917368791997
153 32 165 611328.2976300051668659
153 88 197 -4267218.9529371168464422
153 93 197 -953581.2474772182758898
154 55 170 -480984.0498138240654953
155 10 189 -228395.5841070082387887
155 54 232 1128112.4766961436253041
155 70 185 -333322.1145197552395985
155 93 188 1020526.4638373621273786
157 23 184 4338290.6182243572548032
158 16 191 -4180495.7049869322218001
158 43 174 1423138.2008023166563362
159 29 207 5318447.7674961304292083
159 57 237 -1327782.5992198272142559
159 80 177 1199853.3268081194255501
161 72 238 1872212.8805509891826659
161 84 207 -3318812.2487218957394361
162 11 1 262864.2686317843617871
163 13 193 139987.2566177685221191
163 65 194 -2366710.3329204437322915
164 92 178 -2534444.9834658857434988
166 3 285 1041590.8420487965922803
166 44 180 -3123839.3457071459852159
166 55 180 -1362852.1126540438272059
167 26 225 6040532.3761093439534307
167 34 225 937764.3568617383716628
167 43 180 4020002.1826626230031252
167 51 180 7011612.7460802234709263
168 16 215 -1782907.5326920791994780
168 17 215 128861.0743909269076539
169 31 216 1751138.6141027405392379
169 43 244 -2069768.6955513057764620
169 53 244 1178598.0076070521026850
170 65 229 31820.0356459232425550
170 89 216 1483215.4435997628606856
171 38 219 -3666757.4974121316336095
171 71 202 -137105.8191223128233105
171 94 232 -1211523.7481991399545223
172 58 174 46588.6347968389454763
172 78 190 -44823.6802201491518645
173 75 223 -3607163.8770715477876365
173 91 204 -395944.9355649937060662
174 93 203 -1919737.7428282061591744
175 7 223 3548619.7275438485667109
175 56 177 168614.1640346904168837
175 65 177 -35661.7128725511793164
175 94 237 2132094.1028679357841611
176 1 209 -2532168.8506613671779633
176 39 208 4734.1792492914337345
176 47 208 -1117526.6385752987116575
176 74 193 -777930.7379522045375779
178 31 192 1795990.8195126540958881
178 54 238 3343248.1812214986421168
179 11 193 -1293560.3675734263379127
179 27 192 16012397.5564674101769924
180 5 3 185257.5493502241442911
181 98 3 1506335.0135885784402490
182 70 228 561468.8354259965708479
183 3 214 97185.3080648127070162
183 40 200 10335.0629134431474085
183 80 217 220718.3087959069816861
183 92 217 -56829.9713981965178391
184 43 187 2106210.7763730618171394
184 52 187 4839107.2704135952517390
184 62 199 -2020.8053177029623839
184 80 186 -31944.3696747681860870
187 9 232 -2514989.1026510619558394
187 20 260 89262.4663726919970941
187 32 260 8861.8411581816362741
189 27 219 -3512340.7143227607011795
189 38 219 9228.2590048778238270
190 15 219 19627.4292968439767719
191 3 220 320711.4544272730126977
191 50 204 89521.0029101874388289
191 67 206 -710582.6597314401296899
191 79 206 -7823679.0378841096535325
192 14 283 2762108.7368685700930655
192 91 239 -903056.0524976087035611
192 92 239 6235492.4539866829290986
194 1 209 -130687.8061503393691964
194 93 209 -4727334.2911175955086946
195 13 211 590411.4176873039687052
195 54 241 1271392.1248050229623914
195 78 196 -2052066.3991329877171665
195 88 196 -534882.8162511445116252
197 34 241 -2663353.4293858143500984
198 27 211 601827.4593643024563789
199 36 201 713292.8956055308226496
199 60 217 508816.6343730787048116
200 50 229 -3121776.3169530220329762
200 53 229 -101774.9688375070836628
201 1 231 65820.1729741750023095
201 14 275 1055970.0101822987198830
202 76 218 -10639.5609755184723326
203 11 234 -1111264.2212818965781480
205 0 266 -245265.8081202227040194
205 46 223 6322371.0328480135649443
205 73 236 -3682483.2646842817775905
205 86 266 6111189.0207182252779603
205 99 266 -245265.8081202227040194
206 0 266 -2399186.8030375894159079
206 10 221 -5564.1198082177334072
206 18 221 -21810.0542402541213960
206 99 266 -2399186.8030375894159079
207 27 238 1550972.9627224565483630
207 34 253 2005261.3507526589091867
207 72 252 -245791.9354476407461334
208 28 297 4164242.9701702729798853
208 40 297 -112079.9326784628938185
208 62 296 2714646.0367420306429267
208 85 239 -795663.1323206486413255
209 23 222 -4117031.8173418054357171
210 81 240 -64794.5851313523598947
211 63 212 -15194.2144418047591898
211 64 212 -192820.7772645272489171
211 86 227 -152770.6999024065735284
212 1 255 223954.7555767927842680
212 13 255 5491.9280608336102887
212 73 228 140222.2235164441226516
213 13 258 7227488.0923253139480948
213 42 215 -6716965.6710522938519716
213 52 215 -579335.5972285195020959
213 85 244 120600.3565193993126741
213 93 244 -5625078.8354911031201482
214 90 229 70283.8287199731130386
215 0 228 -87160.3838424966525054
215 91 228 3303495.1061069872230291
215 99 228 -87160.3838424966525054
216 31 230 -3569167.3715744358487427
217 20 246 81143.1980437990714563
218 49 219 640038.0902318462030962
218 70 233 2067436.5469650586601347
218 82 233 320927.1305915576522239
219 31 234 1308043.0685114888474345
220 72 251 -365364.7281648211064748
221 23 251 364208.2165221745963208
222 9 254 2761481.1215015049092472
222 17 254 -402989.7684228405123577
223 44 237 3005349.2721840436570346
224 81 1 -59755.5431672955601243
225 8 226 901320.4900526041164994
225 18 226 737673.5484444554895163
225 92 240 -15687.8353600944155914
226 22 330 -4797423.8092145184054971
226 32 270 -193269.4081608096021228
227 60 288 411727.3368735011317767
227 76 256 657296.0216728455852717
228 94 243 535968.0986792414914817
229 23 230 -3172163.6429065549746156
230 10 259 6553022.5564894480630755
230 79 245 1338683.6850305523257703
231 97 260 -5754.7738982656937878
232 60 261 6226986.4990938650444150
232 70 261 1538716.6024236325174570
233 1 280 -284209.5397721229237504
233 74 250 -6453950.0509829828515649
233 91 280 -462932.4206160527537577
234 0 248 581327.0866244299104437
234 99 248 581327.0866244299104437
235 19 279 1698179.1364019757602364
235 65 250 317824.3207479554694146
235 83 249 469348.6129462175886147
236 17 282 -3178493.7568573094904423
236 64 237 -109309.3817388324096100
237 43 252 383362.8127317263861187
238 91 253 -1294372.1561139903496951
239 44 268 -5014166.2535692621022463
240 53 287 -44817.7135255192115437
241 62 256 -6960064.2504928000271320
241 82 287 -48959.2992581930375309
242 2 255 -2669913.3406601524911821
242 28 243 -706677.1245648203184828
242 33 243 -259990.2324282687623054
242 69 300 -619577.8778477890882641
242 87 286 -47978.7233202948555117
243 31 271 -5037135.4624800737947226
244 33 259 510301.9736529034562409
244 39 259 4446167.3496624780818820
244 50 257 -1268835.9645785475149751
245 92 274 468846.6531051693018526
245 95 274 -1847910.3179525306914002
246 59 274 59014.8036140937765595
247 16 261 9186171.2737855706363916
247 50 262 -6225419.2488023135811090
247 60 262 -5630335.1853048466145992
247 73 263 -4189108.1189518072642386
248 79 251 -328434.7981219412176870
249 28 250 1437096.9518233225680888
249 56 295 1909741.1336353912483901
249 70 324 -986.2903946510552942
249 78 324 3232394.4312746049836278
250 45 265 99070.3262027547461912
250 55 265 -1811938.9183801733888686
251 17 265 354908.7593132288311608
252 25 284 31568.2745267779901042
252 33 328 3331.5744453702563987
253 15 284 7615830.1019092751666903
253 69 267 -425697.3732777961995453
253 80 267 -3779369.6485282676294446
253 92 299 10833.5442811019001965
254 12 1 5102217.4989965511485934
254 49 298 -1726598.1813362916000187
254 60 297 -5970221.1831052536144853
255 42 288 -1664420.4356724971439689
255 57 288 -2236054.7236970290541649
256 1 346 1823321.3708161909598857
256 6 346 670013.4161573094315827
256 82 288 2397965.0553910159505904
257 42 289 1833216.7028414541855454
257 53 273 -7780354.5693413121625781
257 60 273 -341954.4044460825389251
258 73 271 1369977.6144772949628532
259 77 289 -3884504.0486404215916991
261 41 277 153828.2919768157589715
262 0 322 293577.7460113038541749
262 8 322 4358162.5440241741016507
262 68 280 -71248.7807436227449216
262 81 276 -21761.9943779103741690
262 99 322 293577.7460113038541749
263 7 336 4561472.8142110742628574
264 2 295 -2946554.1247717724181712
264 38 269 -842562.2767837540013716
264 43 269 1442429.0340108459349722
264 86 309 -209415.0555990274588112
265 56 281 -483132.6200602419557981
265 67 281 -829753.5341132826870307
266 62 269 2681385.0414499272592366
266 70 269 4169485.0891171335242689
267 2 311 378250.1769731257227249
267 9 311 3453961.4260154790244997
267 31 299 -24149.4901252497620590
267 75 283 -1912939.3194787958636880
268 5 296 -2221361.8233304475434124
268 25 314 14438404.3610120043158531
268 71 283 -354463.6576881370856427
269 33 327 12178811.0499201882630587
269 81 281 1419348.3364315258804709
270 19 301 -789027.1490516974590719
271 13 300 6291015.9217123780399561
271 89 317 -941326.3086749688955024
272 40 331 175836.4492150080041029
272 72 288 -72987.4181789886351908
272 97 286 250833.3998663192905951
273 27 303 4390180.7901042047888041
273 39 303 1108419.6283457993995398
274 3 291 -492631.7976643978618085
274 30 290 -500664.0983781542745419
274 92 291 1386553.1151309143751860
275 65 278 -349653.4159373583388515
275 95 291 -1340903.6899874885566533
276 11 279 1965194.8647483601234853
276 30 308 -2087828.3165572525467724
276 76 280 209406.5727182968112174
277 48 294 -152782.0232094427046832
278 3 306 90026.3393464964756276
278 71 294 -107687.6759206598071614
279 62 310 261489.1273757422168273
279 89 354 1316424.8251330512575805
282 7 326 3390813.6779781235381961
282 33 327 -549362.2558146038791165
284 14 328 -2664322.7733499123714864
284 87 344 -27824.0475108650534821
284 95 344 21070.5474256552115548
285 25 3 -878815.9000797572080046
285 95 301 1511241.7764662697445601
289 74 290 872749.6484431514982134
289 86 304 1237712.2450507811736315
289 98 304 78823.2234424342896091
290 35 318 55571.0855828932326403
291 7 318 -284015.5164491547620855
291 81 306 202779.5831889887922443
291 90 292 -117368.6871404260455165
292 28 318 -36336.4994265182031086
293 25 320 -36858.5101652159064543
293 32 320 172248.6339869491930585
293 48 319 -677592.0487602506764233
293 64 321 -31455.5184815431166498
293 95 348 1698390.7600503675639629
296 58 355 1800918.6955376372206956
296 66 355 -257641.0334896408312488
297 74 312 -17917.4809098081059346
298 48 1 1903.7788046279292757
298 77 329 347307.0765444110729732
298 92 312 -74868.0704546092165401
300 8 317 -617937.2936491372529417
300 30 334 -2377908.5324392169713974
300 48 316 -11753727.6240454837679863
301 37 345 261377.3894318603270222
301 57 375 -2887838.9586741654202342
302 24 350 81241.1603902711212868
302 80 331 1165128.0596686101052910
303 22 333 -15005277.8866993058472872
303 46 305 87089.2951043109060265
303 70 317 6641577.2647837819531560
304 97 307 -9305067.2295287642627954
305 66 365 27025.2686364822584437
305 68 365 46371.4945809742202982
305 93 334 73898.5873159115872113
306 6 320 -25714.9424417367190472
306 7 320 908532.6971917316550389
306 81 338 2571353.4284825301729143
307 21 348 8804854.0500990673899651
307 38 333 5733911.0223391214385629
308 12 386 -938346.5091220922768116
308 39 325 5877305.3389750150963664
309 5 352 578868.4110438224161044
309 13 324 4553267.8372308900579810
309 82 372 -2625623.0307831978425384
310 41 339 -473620.2870227937237360
311 26 314 6489395.2093889815732837
311 60 341 655739.0202080782037228
313 13 314 1446193.2111485032364726
313 14 314 1262339.1584430492948741
313 51 343 -2655988.2964367805980146
313 59 388 2116475.4240344283170998
313 67 388 902853.9141740108607337
314 30 355 10923406.3481186162680387
314 50 417 -46526.8058873259506072
315 12 347 5560708.0091757262125611
315 18 347 3805146.3528498983941972
315 31 330 -574468.2972978220786899
315 62 346 -2621293.0972072011791170
315 80 331 1929849.8176117672119290
316 72 360 -249181.4547989720304031
316 96 350 -123012.4566167835873784
317 69 334 -51242.7238587543688482
319 15 321 -300.4139227965038117
319 58 396 -3856897.8671098267659545
319 93 335 3392489.1630277740769088
320 11 396 311915.6552676291903481
320 22 396 494773.8222000942914747
321 3 349 -6153.0171967564283477
322 84 325 -625263.4847046955255792
323 1 381 1989859.6499116385821253
323 22 336 -3972.8186999886083868
323 36 336 -656266.5241569367935881
323 67 325 -1017893.8400659161852673
323 89 384 -4869722.6387288421392441
324 44 339 -5723063.1480311639606953
325 15 369 -3157545.0221058088354766
326 15 327 -197576.7253400257322937
326 44 328 -8746315.8241786789149046
326 81 371 1471134.8078534193336964
326 92 368 -129552.5518449787487043
326 93 368 1991820.9265229948796332
327 6 368 -1757335.8124446880538017
327 23 353 -38663.6861869135609595
329 5 356 1221077.2528685454744846
329 69 1 -69972.6794463487021858
329 93 358 -2860721.1784798610024154
330 8 346 -161781879.1468853354454041
331 36 379 553647.6014977634185925
331 67 346 200060.2162470809125807
332 10 334 577854.7282560777384788
332 14 334 284402.1932377296034247
332 45 365 40283.8782475812695338
332 61 380 -417632.3396300917374901
332 92 360 -175946.2083277051860932
333 52 376 -1807181.2004806855693460
335 23 366 -590036.8937140168854967
335 96 378 3566093.2169489446096122
336 46 338 1489787.0712293474934995
337 32 425 -66123.2050997567857848
337 33 425 6746.6182258016833657
337 92 385 -15134.8969074533069943
339 32 367 565289.6041462684515864
339 42 367 4716788.8425617227330804
339 96 352 626117.4056794103235006
340 41 357 594099.9202048828592524
340 77 416 -105502.7912655877298675
340 96 371 2544969.3686595768667758
341 23 357 299594.7978689883020706
341 34 357 -168026.2472076242847834
342 1 359 -7930452.1583646461367607
342 2 359 1031116.0093156929360703
342 12 432 -1491661.3613389087840915
342 65 358 5138420.5243912227451801
343 29 389 148717.0882336418144405
343 48 402 3955695.5363954538479447
345 38 375 -6218943.8129424080252647
345 95 347 2693255.7577408486977220
347 8 405 538611.0308407233096659
347 25 390 -556862.7747193289687857
348 57 349 -1858682.2301653125323355
349 17 376 -1171416.4421105908695608
349 92 394 -792072.2664739914471284
350 10 364 907195.9254336055601016
350 20 364 -1281238.2660859429743141
350 83 360 360381.0825172319891863
351 35 376 1755884.1469580752309412
351 37 376 1769417.3395832178648561
351 68 394 -3572834.1302268942818046
351 69 394 -29689.2133040589396842
351 97 424 8479747.0873411372303963
352 63 387 -584216.9675852569052950
352 80 370 340295.1787238809047267
353 75 400 146459.4504792600637302
353 85 372 1688443.2165044185239822
353 96 372 342171.9549829802708700
354 51 367 -47004.3355489462919650
355 9 356 -14102981.5896613132208586
355 33 417 -173634.3022608430765104
356 4 358 7720680.5223629167303443
356 29 403 -112561.1440516408474650
357 59 430 -4127299.9901312128640711
357 79 401 17785.6597218715505733
358 20 1 14249550.7142212390899658
359 6 1 3547113.1072946409694850
359 38 373 2664631.1208596355281770
359 48 373 7898639.9773478601127863
360 4 363 13773.1110584718135215
360 12 363 -67794.7508240515453508
361 1 392 1890485.6664489840622991
361 38 391 772742.7126057792920619
361 69 364 -2986092.2680057999677956
361 86 377 238621.8248110745043959
362 29 379 55288.0624377559506684
362 64 364 -67937.9895909083861625
362 72 364 14948.0930373016453814
363 42 377 -9583.5432293099729577
364 3 377 -1706281.7581503770779818
366 14 394 1258920.1711784957442433
366 89 426 1371262.4248691520188004
367 43 382 6070.8102914489363684
367 56 397 -1782033.0314698789734393
367 67 397 -5296539.1205984503030777
368 66 446 -4131909.7870304258540273
368 83 387 1283867668.9846651554107666
369 15 386 466306.2333734357380308
369 30 399 5710.0135660912119420
369 49 393 -2960719.5664400421082973
370 1 382 -26876.9134491441545833
370 6 382 60778.6720764915298787
370 48 387 167170.3240287868829910
370 84 413 -51058.5596310458713560
371 47 416 -172740.7616481199220289
371 57 446 -4677.4036392328689544
372 8 387 11186645.3404004350304604
373 13 434 4423854.8563631884753704
373 28 463 2281786.8244695230387151
373 38 419 -288487.6050657642772421
374 35 432 -392404.6345321979606524
374 61 419 622229.9881470305845141
374 78 404 958279.0648516183719039
374 90 402 -3261287.6615225584246218
374 97 402 -516578.7197495365981013
375 41 422 608627.7584819948533550
375 64 3 7130154.1863128226250410
376 32 408 2953382.2656891695223749
377 74 440 2734771.9465637435205281
378 9 411 -2168518.6033461242914200
378 29 443 -20009.1354771084115782
380 0 407 135077.2107675886363722
380 32 439 -1165191.7307078775484115
380 99 407 135077.2107675886363722
381 3 396 5961210.2338039670139551
381 72 395 -205159.8352289240574464
383 11 384 -1799407.6407071223948151
383 38 393 111380.7162872960179811
383 69 412 948989.3425636792089790
385 23 396 250087.3644895714533050
386 12 410 -1574967.9823033006396145
386 30 399 -172357.4120461134298239
387 36 431 60597.2628990004159277
387 52 491 -9933199.9981159884482622
388 18 430 830159.2258768732426688
389 5 432 182114.2788886945927516
389 81 403 -111028.5276625613478245
390 71 420 1140579.3277368291746825
390 80 420 -45189.1364815743509098
391 4 405 1627910.3302812154870480
391 57 406 -1031750.1659916646312922
391 93 405 -4204914.3730835970491171
392 5 440 -301859.4707827561651357
392 13 511 1213801.7584180373232812
392 51 406 -1473052.4351145005784929
393 14 458 -615516.5414021753240377
394 21 427 458938.4758774802321568
394 38 424 104339.3347383799700765
395 76 425 130557.6748276560247177
395 87 425 -17924.4834632583988423
397 38 460 -6438331.3663577595725656
397 63 474 1927722.0281441670376807
397 70 474 3019960.9247476104646921
397 93 410 -1067506.7457855963148177
398 4 399 54417.0217641131966957
398 8 399 -94918.3677482057100860
400 52 446 176884.5574243277660571
400 86 431 -156322.8224048300180584
401 76 416 71619.1453662121493835
402 39 404 33748.1580714969895780
402 65 448 -318157.3460141429095529
404 44 449 -123427.5486577426781878
404 58 478 -292659.0910567118553445
404 68 478 -437375.3428264649701305
405 70 423 107429.7977190883539151
406 47 454 2873054.4792124349623919
406 57 453 -4744.0924294837786874
407 16 441 -204060.2940132899093442
407 83 409 672443.5234294774709269
408 33 409 -463129.4819900862057693
409 0 455 -3444.5086556087371719
409 64 424 -1926541.3874330250546336
409 91 455 -16787.3773620504325663
409 99 455 -3444.5086556087371719
411 1 444 1205859.6051556423772126
411 78 470 -1739295.1050398040097207
412 5 470 -4426546.6981988810002804
412 17 425 -48522.1391737372978241
412 60 458 -2119856.1691592615097761
412 78 520 337411.8271346972906031
413 73 429 -8678.5830296093790821
414 12 462 -5122167.2562447739765048
414 25 493 1917242.1342770888004452
414 65 490 -1362298.5341721680015326
415 40 433 -138202.5098333968198858
415 54 492 2659179.7126456936821342
415 83 430 -620382.4671128862537444
415 91 430 191757.9206274157913867
418 8 448 3484884.7528500226326287
418 17 448 188674.2578150275512598
418 41 509 1845833.6462907979730517
418 55 509 -58075.3001680392189883
418 79 433 -184443.6021090153371915
419 0 449 -60318.9210088981344597
419 88 463 -1295196.0727449178230017
419 99 449 -60318.9210088981344597
420 53 438 -792053.7556570178130642
420 82 422 -68681.4034328458947130
420 93 422 -366871.2465367516269907
421 32 438 741637.4495250121690333
421 40 438 12670.0729151800915133
421 98 435 -911798.3068976301001385
422 60 450 1714441.6748164063319564
423 69 453 165860.3701264189148787
424 75 442 6610082.8640866717323661
426 84 443 -1876977.9440902713686228
427 64 473 224911.2756172506196890
428 3 474 3695697.9964786623604596
428 27 501 194321.4587682535930071
428 62 471 -5394668.7254475662484765
429 24 491 615209.7047540667699650
429 47 461 4816903.7863961476832628
429 76 476 -3180616.5026081111282110
429 86 476 -2157882.8244914398528636
430 41 448 2629777.8033476276323199
433 38 445 -2627187.5647069853730500
433 50 493 -2154459.2608016412705183
434 43 464 -1337304.9531859823036939
434 66 463 215276.4916240753664169
435 7 437 -1454830.3886117620859295
435 16 437 50663.8100321397432708
435 31 451 -1299639.6859601433388889
435 57 468 549919.2006613297853619
435 63 468 1068188.4988247856963426
436 5 468 32579.8372131469259330
436 17 468 -50869.5853666714028805
436 57 450 -200458.9945444135228172
437 17 484 -3188376.9804162476211786
437 83 454 -8163182.6878236923366785
437 92 454 789935.2413613811368123
438 44 450 -230843.1466339370817877
438 92 453 -63619.7827038299292326
439 23 441 -16760.8483799833338708
439 64 440 1513992.5873355953954160
440 34 467 225070.1994802613917273
442 69 466 -10782177.5220668744295835
443 42 459 -82995.2295029843226075
443 44 459 617823.5739068844122812
443 49 459 278041.9077081189025193
443 74 457 85006.2687481493048836
444 16 459 1903107.3154890348669142
444 56 470 3776492.1761324708350003
444 71 483 358014.7555495217675343
444 92 497 1457231.5795391234569252
445 29 502 -3205017.8998543624766171
445 92 477 704506.0691425109980628
446 11 462 4277915.0768348546698689
447 7 460 463852.7396690066088922
447 59 476 4838607.4311724416911602
447 92 475 -1190187.7742155708838254
449 82 507 10858.8003456224123511
450 24 3 10558.5523071786483342
451 10 541 1359219.8454311341047287
451 15 541 -72152.3911941962287528
452 17 557 1554929.2045111202169210
452 34 467 951139.3201566373463720
452 43 467 -209410.1600436518783681
452 69 486 -1011384.4436771752079949
452 76 526 145410.9010538963484578
452 80 526 339865.5942801060155034
452 89 526 489925.8618991010589525
454 9 485 -1060602.1213651043362916
455 4 486 3371611.0666003292426467
455 76 487 20879.1837301708437735
455 85 487 -75538.8259744860697538
456 3 514 2002906.8163447184488177
456 8 514 -200117.9396186592930462
456 35 457 -712.4507706292207558
456 63 482 2780658.9020613795146346
457 3 473 21593.2774885815924790
458 1 471 294605.7199442957644351
459 46 482 4905320.3693906543776393
461 4 488 -5348469.9073731554672122
461 34 519 -708674.7425429746508598
461 85 490 -232901.9638459622801747
462 28 492 -49981.8640781356225489
463 81 504 2556830.0309059736318886
464 15 1 1751399.8278889332432300
464 38 524 1134302.1848197355866432
464 43 524 1899470.6779631709214300
465 8 495 -127734.4902952957927482
465 19 527 139581.1478227215120569
465 30 527 -213189.1694387044990435
465 71 485 398267.6082935114391148
466 14 487 217500513.6145706176757812
466 56 513 -4152137.8601691555231810
466 86 512 10070111.3584968764334917
468 28 571 -16069.0217865659651579
468 34 571 -34553.4796103370244964
468 40 571 -26450.3160640531241370
468 54 3 2083067.2286661404650658
469 33 564 2425611.4959027566947043
469 64 556 -311824.4515656325384043
469 96 526 2983207.0563787017017603
470 80 483 771993.1092488563153893
471 12 530 -805759.2003455401863903
471 82 546 86739.2393325893935980
471 89 546 126621.1827195364021463
472 34 474 43659.4772513659845572
472 74 475 -205276.3264488261484075
473 86 513 -58.6936219411789111
475 55 489 -322548.2883144829538651
475 82 499 -1141511.6332322882954031
476 38 519 73872.3741785832971800
476 47 516 -3792916.6998155415058136
476 55 516 -1711038.3645697569008917
476 66 489 -3823800.6611906052567065
477 1 503 -5672.6180648047993600
477 50 509 -93188.2030990174389444
477 63 509 30116.5004463178520382
478 59 507 -9336.0113391068116471
478 93 509 664309.8224508517887443
479 15 508 963198.3633838121313602
479 54 583 1608643.2239157322328538
479 83 611 -148846.2364262626215350
479 89 611 2570622.7729158964939415
480 38 601 63263.2063964487388148
480 47 601 -173045.9546153931878507
480 88 542 127957.6769656151445815
481 44 498 2813187.5502865840680897
481 80 622 -1050263.2537138569168746
482 34 497 222542.5731728392711375
482 43 497 95001.1197744186938507
482 62 498 4466107.9639882007613778
483 48 520 -305863.9399637229507789
483 69 529 31419.5534410066902637
484 42 510 100015.3454969107260695
484 54 510 3756602.5448309881612659
485 3 511 301244.9550550347776152
488 36 502 -587667.0748281039996073
488 48 505 5316369.3340017301961780
488 62 506 289329.5877237384556793
488 94 490 2263841.1954947966150939
489 14 517 -1347170.1258022175170481
489 27 500 908935.0389908314682543
490 52 491 -671528.5996207100106403
494 27 583 -71822.7934956204262562
494 78 504 -77627.1989419620222179
495 86 559 -54820.2853264454606688
496 28 541 527574.3947271141223609
496 85 572 -194028.5692093264951836
497 49 545 -286460.7752170469611883
497 57 545 -2120621.0348582770675421
498 5 590 509661.2614058305625804
498 13 590 -306773.5154013664578088
498 43 528 -2417294.1223577284254134
499 18 500 -3518120.3842923333868384
499 29 515 -1754988.8547062021680176
499 40 532 831227.8067950900876895
499 71 501 792772.8096982266288251
500 26 565 3156402.5727435722947121
500 41 515 -27013.9443988477069070
500 50 515 -3660472.5322933476418257
501 66 532 186685.4505830403359141
501 82 546 -189514.4067463612591382
502 57 503 84258.3829127999924822
502 92 505 -1231065.5409617712721229
504 2 508 613437.4101953560020775
504 92 508 -3849302.5304956962354481
505 46 550 1377231.4891912504099309
505 64 534 920945.5364153868285939
506 43 533 163205.8980262400873471
508 87 538 789297.4259919823380187
509 53 522 334129.7118549039587379
509 54 522 -3224070.7850126861594617
510 37 527 49737.0571263722813455
510 48 570 4951796.7072020657360554
510 77 541 -1257758.6958236617501825
511 1 525 2293507.7085513956844807
512 65 544 -4143835.4732118193060160
512 85 564 3958220.9821588005870581
513 11 514 -328381.5004656051751226
513 22 514 2360850.3481030431576073
514 17 622 -1622557.6700146093498915
514 26 579 -286799.6731921876780689
515 56 594 -694239.0194667117903009
515 76 549 5522395.4050166057422757
516 17 531 -1288516.9109802700113505
516 27 531 822245.5454887966625392
516 38 517 3506870.4976479932665825
516 92 519 -948308.6420359084149823
517 11 551 -960554.1509004746330902
517 33 565 2896675.3726847278885543
518 11 521 -442350.9829022382036783
518 53 568 1087958.1811843987088650
518 92 534 -1891031.6732583458069712
519 49 533 -130204.7481436885718722
520 20 530 54287.4906587424193276
521 7 534 2188579.4526403849013150
521 45 537 -308572.2688309318618849
521 52 537 -1494105.8360866014845669
521 78 567 289081.4518706387607381
522 16 538 34602.0440541954594664
522 17 538 -4291583.1006387313827872
522 54 539 -1789525.3571749515831470
523 40 553 -901695.5016511467983946
523 95 550 725110.1880550533533096
524 63 583 8317877.9613374629989266
525 48 557 -1733249.4429432798642665
526 59 543 -165451.9296466106316075
527 1 573 -236780.9485402847349178
528 30 649 -19509.8722087289861520
528 46 648 164256.9438949155446608
528 64 603 -88677.0076470611675177
528 65 603 664933.7374491813825443
529 31 548 -21611.6240051410459273
529 43 545 -189798.0152744799561333
529 98 530 -1536339.3347580146510154
530 36 560 174668.2345798120368272
531 6 551 69063.7483299357554642
531 77 568 -4001402.0117845227941871
531 87 568 -2805378.5809552292339504
532 36 549 -1261264.1036602440290153
532 61 547 212009.0942938134830911
535 28 539 38738.2717838046082761
535 34 539 1686361.0194172044284642
535 96 550 -525044.0576820379355922
536 16 554 -14702.4965421278975555
536 82 539 -190633.0677645154937636
537 3 569 -1276690.2117337430827320
537 63 553 458782.1174795138649642
537 73 553 -584167.3090874454937875
538 2 554 161341.1691371586057357
538 10 554 -2582847.0650044712238014
538 16 554 -1187417.7474967688322067
540 29 558 1452134.5181007324717939
540 71 559 -2226496.5647359467111528
541 83 542 -3206000.3583193975500762
542 86 3 454463.7420144272618927
543 29 557 137100.8021941480110399
543 44 557 409785.1121595820295624
543 93 556 280316.7410539413685910
544 49 579 -330273.3023823710973375
544 60 563 -500260.7523231589002535
545 94 607 2326825.9706069328822196
547 17 591 -15437.6549367062070814
547 24 560 -458374.6729324226616882
547 25 560 72338.8333683257951634
548 7 560 -2985.1321961498842938
548 29 591 -85630.3955188360705506
549 13 576 -693077.8673159127356485
549 80 578 -596910.8819436914054677
551 31 581 126384.0254068270587595
551 97 592 -609899.0159741896204650
552 7 610 1930242.7926520267501473
552 44 553 1890921.5880005965009332
552 74 582 32931.8837570568211959
553 56 598 -5133087.4846992576494813
554 26 599 -2639659.7269899896346033
554 49 598 600488.0348604966420680
555 26 601 -39212.7467936604589340
555 51 572 -22618.4443685601108882
557 40 559 -795742.5932961024809629
557 53 559 -5484433.1682339077815413
558 19 574 -12064.1393576110094727
558 86 575 -1536164.6300299917347729
558 93 602 -241882.6259633858862799
559 84 631 -1202365.9994063661433756
559 87 631 1650695.1720363730564713
561 38 563 -213991.0501756622106768
561 44 579 -594473.7905374206602573
561 72 710 331610.8496499397442676
561 98 646 1218588.9031625795178115
562 9 575 1014216.0346155486768112
562 13 575 -221472.1209884569398127
562 63 564 4062702.6745664719492197
562 95 604 -596552.3438702449202538
563 29 604 397798.9550360977882519
563 65 564 28093.8154175241434132
565 41 581 -1476294.7089786129072309
565 53 581 -795695.3238106620265171
565 64 594 1077124.2381202345713973
565 71 594 -392160.1601387561531737
566 24 597 3157390.3888566037639976
566 46 592 597701.5612284019589424
566 55 592 -200051.5717410052602645
566 63 568 1252511.8266265324782580
566 76 568 111241.9587182418472366
566 93 567 609679.7350838099373505
567 12 569 -351326.9687962350435555
569 53 610 112610.2094058000802761
569 67 596 -168847.6967835994728375
570 34 585 1258666.2845888382289559
570 42 585 8220.0495341916630423
570 48 585 372297.8974074875004590
572 33 617 34878.2248513188969810
572 81 601 -4587.1880327525514076
573 86 631 -3787.7217629883843983
574 14 633 57665.4077277753240196
574 35 632 -149382.2208733250445221
574 51 588 -13926.9712422990069172
575 72 606 571117.2281054825289175
576 31 577 100815.6198574662121246
576 61 608 3751118.7196720195934176
577 77 578 -26825.1918691986466001
578 48 594 1290920.7363620812539011
578 85 580 -1567762.3099621564615518
579 25 622 4463481.5264257546514273
580 6 593 403810.3881578986183740
580 40 619 -61832.7093417717114789
580 56 668 123013.7198488053254550
581 18 593 -589852.8445802098140121
581 95 609 1065830.1472106564324349
582 8 598 69254.6242921009252314
583 77 628 -1106940.0552835674025118
583 96 627 -1530264.3674838363658637
584 35 656 330746.0123773725354113
584 84 614 -21848.3106951376103098
585 13 617 195911.1135779670148622
585 86 615 -1747602.7632366402540356
586 3 662 -1302029.3601602320559323
586 30 645 552270.3099775314331055
586 55 600 668662.2744115514215082
587 1 3 -5272751.6077042007818818
587 45 645 -1180578.2817765921354294
587 53 645 -902197.6562126852804795
588 83 631 -24030.4230670343931706
589 12 634 -178201.1110564687696751
589 22 636 159229.6763657413248438
589 31 636 2441354.3460047375410795
589 61 623 2185846.7824867246672511
589 84 651 -3592197.3005788465961814
590 6 607 -6011222.6864728834480047
590 35 649 -41514.1995907947057276
591 68 625 473570.2046586864162236
592 35 609 -905904.7997234872309491
593 49 594 -76424.1067923433583928
593 93 684 43704.2532816533566802
595 10 681 1683921.3065576229710132
595 37 715 130846.0744570367533015
595 60 597 107506.4732372353028040
596 1 597 2595827.5881483023986220
596 63 653 -744839.0451744832098484
596 69 653 360539.7828742627170868
597 43 638 639631.6373526245588437
599 1 612 174452.2111043089535087
599 14 641 -2215536.4569563874974847
599 79 611 -127523.6495814994705142
600 15 615 -1092025.5308800665661693
600 60 677 2545096.8289970117621124
600 90 616 4481965.7858611615374684
601 80 3 15127.7104362854915962
602 84 678 30265.5603385001595598
603 6 665 -1440521.2922187452204525
603 22 710 287473.5549115720205009
603 32 710 -526281.9420208620140329
603 44 622 -1831586.5074898127932101
603 95 648 2903077.3685809010639787
604 39 646 1118744.4632101841270924
604 50 646 802046.7732341038063169
605 8 636 1107422.7021465143188834
605 24 695 -1925226.5456417254172266
605 38 695 253252.3194103798887227
605 47 741 -144190.1700905677571427
605 67 754 -61103.3938392211057362
605 86 728 33437.3934616833721520
606 98 663 192259.5277474383765366
607 17 623 3594444.6331596733070910
607 78 625 3269474.0811338494531810
608 21 637 1035000.2750775940949097
608 36 635 3042049.0356336324475706
608 60 625 -2475448.2837125426158309
609 11 684 364500.2072479093330912
609 68 638 -415301.1439067814499140
609 90 620 1297775.5159112222027034
609 91 620 1969405.0645881353411824
610 41 654 2341559.9710199241526425
610 57 653 -2472400.7483812579885125
611 94 627 2409090.1857858584262431
612 72 626 -74841.1160932847997174
613 43 671 -1660339.5374899874441326
613 64 670 126787.1940204212878598
613 85 640 277546.9271097971941344
613 94 614 2059775.2360566868446767
614 1 641 -8182893.1868104375898838
614 54 640 -455034.5560298329219222
614 77 624 -511882.1181804379448295
614 83 624 727716.7896863116184250
615 6 630 208132.1036745258315932
615 88 618 233634.3816386244725436
616 12 617 -102011.2021096743264934
616 64 645 -1421542.5029437215998769
616 71 645 -2868264.2897024066187441
618 29 631 -1393948.4336620178073645
618 61 630 -1494188.2812154176644981
619 6 669 188412.8951069792383350
619 25 668 -679033.8598358501913026
619 63 684 -276173.3091435665846802
620 6 714 -249291.3355607689009048
620 14 621 3771.8182186220515177
620 83 715 -1794819.3294300178531557
620 93 714 -1449281.5350979331415147
621 78 684 40878.7311529562502983
623 32 652 -1079.3972978350848280
624 79 654 -1141290.0115966016892344
625 40 652 111864.2308568024891429
626 3 629 -845802.0083913432899863
626 24 656 -1526905.3962896387092769
626 75 627 866173.0071772884111851
628 65 1 -31105.5229177472137962
628 87 629 3292718.7133216788060963
628 88 629 720082.9552617025328800
629 34 1 -2450811.3389941030181944
629 56 659 -566921.6863471014657989
630 57 632 -94836.5760464292397955
630 91 647 408707.1164223073865287
632 28 633 -1196836.0076883183792233
632 45 661 271274.3059479306102730
633 38 678 -189904.0327516101533547
634 33 680 276771.2348377111484297
634 68 695 -344410.4895593816763721
635 56 667 -233972.4036121416429523
635 79 651 546719.8428384145954624
636 10 679 -192046.5848044952144846
636 17 679 -609718.2196055554086342
636 62 666 186579533.4161452353000641
636 63 666 165487106.2288985550403595
636 64 666 142040605.3269855380058289
637 6 639 -1335348.5703531703911722
637 16 639 219752.8065370205149520
638 15 715 -1875383.8658661174122244
639 15 700 33436.5667447778978385
639 85 668 -1389444.0403724410571158
640 20 655 6058.6437436375563266
640 22 655 534875.6157185392221436
640 87 670 -179837.7646447106671985
640 97 685 -780692.4662160035222769
642 18 657 -1129606.4450608990155160
642 29 657 -609441.8699099420337006
642 66 659 -3819199.8346151253208518
643 6 689 2659883.6612945315428078
643 43 674 -2059971.8974020450841635
643 58 673 163247.6668260436854325
643 66 673 135016.8411098929936998
643 93 644 2209933.2020312002860010
644 64 716 -326539.5177084208698943
644 76 671 1728339.7790387042332441
645 17 675 -141997.2035661706759129
645 20 675 1870135.5917212860658765
646 59 694 168122.0933969954494387
646 68 694 623711.5903114465763792
646 76 676 1715041.4827413680031896
647 54 661 -1674678.5589351342059672
647 69 690 147956.3721001839148812
647 76 690 -12221.8891781174916105
647 89 677 23261.0648741203112877
647 98 677 -105330.1213353027269477
648 50 679 300994.2192990725743584
648 64 707 -20874.6344189026240201
648 82 665 -124295.3044410990696633
650 22 725 1588130.5887280202005059
650 70 680 160123.6905724057287443
651 37 680 -3352614.9676737198606133
651 44 680 -247202.7481792262988165
653 2 699 -336612.5259701684699394
653 82 698 139667.2073836512281559
654 24 698 -74499.4685922097996809
655 18 698 -1153713.5138937917072326
656 31 686 78339.1985883501620265
657 56 672 -1441865.2562423374038190
657 92 671 1711711.3011433598585427
658 19 704 -570312.1712625344516709
658 88 717 -5460.0856765914495554
658 95 717 398597.5597477019764483
659 84 1 -945170.0317381548229605
660 12 3 201452.6803631970251445
660 55 675 909779.1455632237484679
660 92 722 -293763.2534744848380797
661 4 693 -468628.8827243784908205
661 16 752 770038.9340363617520779
662 38 692 -60880.5515053421841003
662 54 795 -1287018.8562378326896578
662 97 675 -208143.5445360146986786
663 20 676 -567519.0116904944879934
663 29 676 -2286967.9099637875333428
663 41 711 -2943.8225631449208777
663 45 711 -455961.6554814211558551
663 56 706 -62084.1070665106308297
663 77 678 3553101.6373526346869767
664 7 727 -330040.2098236735328101
664 62 666 -371803.2831037691794336
664 68 700 89769.9099140945763793
664 95 683 510434.2021498031681404
665 58 707 917541.6536780268652365
665 77 709 -1719147.9330419693142176
666 4 667 -67269.4426088915934088
666 50 726 3706793.9438043101690710
666 82 680 -3309348.8061138628982008
667 49 700 13359.2574838080618065
668 0 683 -207465.9262829920044169
668 81 669 -985439.6264034574851394
668 85 669 17698.5452796660101740
668 99 683 -207465.9262829920044169
669 38 713 1270038.2945980962831527
669 62 701 1180992.6382817574776709
670 72 716 -46997.5729063712860807
670 79 716 -880580.1495556342415512
670 95 687 87348.2826676022668835
671 50 686 14452.2202351236865070
671 55 686 268433.8909975787391886
672 74 689 -974063.2271059957565740
673 37 763 -632048.3844856381183490
673 48 763 -408875.8130687713855878
673 76 716 423747.7717747223796323
674 7 809 472680.9244016117881984
674 17 809 765904.1108557671541348
674 98 824 203608.0299918392265681
675 84 691 870290.0719606094062328
676 18 705 989163.4369509330717847
676 40 711 92553.4932263244554633
677 71 692 559251.5858381786383688
678 49 706 54783.5896878362473217
678 58 706 86938.4512321012007305
678 76 693 -690946.7522097175242379
679 59 728 -588721.0420063149649650
681 61 699 -1033017.3377598937368020
681 68 718 -636526.4152280247071758
681 77 718 376319.2266823855461553
682 0 702 98198.9498185258271405
682 27 743 55999.2889454492178629
682 48 715 350094.9481184098985977
682 99 702 98198.9498185258271405
685 54 687 27633.7185172959871124
685 69 732 16698.1092888666717045
685 77 732 -513184.9771219659596682
685 85 688 -238522.9089215623389464
688 14 698 -82235.5740677736175712
688 85 703 -294617.6033896890585311
689 21 1 -661097.0045343876117840
689 40 749 -898060.7623798666754737
689 43 749 -208023.9872723360313103
691 12 796 -306609.8464601256418973
691 91 795 -17221.4134445609051909
692 27 738 -1704671.5297029542271048
692 36 738 -2748145.6162043800577521
693 17 752 33229.8857417556209839
694 37 710 -446885.1991919006686658
694 68 709 -539127.3235316995996982
695 15 740 511407.5297059035510756
695 26 741 6252.8103084863878394
696 29 775 -222345.0833350154862273
696 38 729 -2254190.0999953639693558
696 58 727 112929.2125720481271856
696 74 697 1013755.1628576567163691
696 98 788 -64662.4203304159236723
697 9 701 496367.1759828745853156
697 19 747 1440419.2270256036426872
697 41 731 -545065.8908907731529325
698 17 699 -56942.6571900137059856
699 18 703 338284.7706249271286651
699 36 718 -788535.7668318265350536
702 56 718 900462.3048116420395672
702 74 764 -409224.2210356582072563
702 94 745 -121091.3547713967855088
704 37 732 -416924.8361990795237944
704 78 763 122851.5219676010892726
704 84 761 643523.0012175150914118
705 49 709 149574.7973905566032045
705 50 709 -1284998.9386786844115704
705 65 723 -74094.4931430286669638
705 76 723 48041.2203817153349519
705 89 708 2943282.9145806450396776
707 14 728 361354.5560264330124483
707 38 712 286967.8041916485526599
708 5 770 1114340.6849363571964204
708 23 755 74860.7830229406536091
708 39 739 -724305.5581052768975496
708 46 739 280766.0130904509569518
709 85 712 948847.2253115172497928
709 86 712 399125.0366385382949375
711 70 739 -173066.0636867141583934
712 46 724 736432.2596913477173075
712 50 724 -77071.0970037308579776
712 65 784 -133847.4749295862857252
712 86 723 42871.6782945280428976
713 77 730 -615732.6501650121062994
714 22 715 -743622.4242773770820349
714 52 743 132076.9736904225137550
714 68 730 -373584.3415087668690830
714 76 730 1363108.0876319634262472
717 0 719 -750155.6828570967772976
717 50 732 -502099.1475429256679490
717 90 748 1829158.9963256628252566
717 99 719 -750155.6828570967772976
718 97 719 -324099.0454825657070614
719 19 748 539895.6807246125536039
719 29 748 619899.7092810347676277
719 44 764 322664.6788769873091951
720 20 766 1958673.3719688009005040
720 70 782 1181250.4564369537401944
720 96 783 -82664.9660141260974342
721 24 796 844380.7357328239595518
721 47 795 428719.0294403670704924
721 70 781 -951652.7397594244685024
721 90 841 -91559.4579221424355637
722 10 796 -732645.1055382607737556
722 24 796 -87270.2541951630264521
722 34 840 81176.8996892372088041
722 58 3 -1247279.4499768607784063
724 19 728 134188.8624827504972927
724 48 754 -24669.2922942383338523
724 64 758 2179786.4432898005470634
724 82 784 -143302.4390873078664299
725 1 744 459835.1048364139860496
725 26 757 -1225888.4236712376587093
725 54 740 1800530.8297838943544775
726 40 729 -48082.3404214976180810
726 47 729 568651.6579449494602159
726 50 729 -1010169.8453490339452401
726 64 744 -748386.7995266717625782
729 61 775 1511492.7338671369943768
729 83 744 -255959.8014324613031931
730 71 742 1147133.9683644641190767
731 14 789 153486.0821022553427611
731 25 788 -1464.7675474158556881
731 94 790 128926.5384678589762188
733 30 746 -447845.9710952785681002
733 74 742 488942.5249416476581246
734 18 822 -402377.5978747195913456
734 54 761 -420343.7454425630276091
734 83 806 370349.3339278288185596
735 32 738 799136.6814604413229972
735 42 738 513461.3033796125091612
735 75 752 -82524.2492123021656880
735 96 751 -15289.0582782855617552
736 1 751 112724.9738773511926411
736 25 752 5661.3413493067273521
736 38 752 -1230115.9569218598771840
736 66 768 -654326.5472411039518192
736 75 768 -79625.4231267712748377
737 43 795 715868.1432668245397508
737 97 738 -563003.8140991232357919
738 21 780 1857957.8116060548927635
738 31 780 -46253.4163839759203256
739 18 768 -211444.6504914197721519
739 29 768 335858.0397691826801747
740 77 786 -483427.4620197358890437
742 10 747 -1960376.5217856664676219
742 98 791 871291.2040802018018439
744 81 760 -397600.7420593993738294
744 91 760 -136266.9991786012833472
745 16 746 2549063.1342049622908235
746 1 756 1194948.5925129659008235
746 25 777 -1280913.3041615623515099
748 47 822 -1661140.1857334161177278
748 69 776 266070.9074523436720483
748 76 776 153098.0239085427601822
749 33 762 -526634.1862871324410662
749 44 762 121540.2558156853192486
750 47 768 29399.8547763344467967
750 55 768 11438.6139749247704458
753 23 810 -97714.1816881505510537
753 45 783 -208173.9111315778573044
753 70 782 -264279.3829801485408098
753 91 771 -334182.1627447250648402
753 93 771 -398698.1516048137564212
754 52 798 -185015.7331849692855030
755 68 771 150329.8560278849327005
755 93 782 -1438089.5233074675779790
756 5 793 -83156.6610778846807079
756 55 778 117450.0713346372795058
756 60 778 -380152.4830406201654114
756 69 794 -136993.1908797673822846
756 91 835 791997.3473402648232877
757 33 834 -1385671.5825345623306930
758 36 798 3222.5536562424463227
758 45 787 1536783.5137380540836602
759 6 834 -80534.1104485021205619
759 22 760 -1210980.0210630595684052
759 70 860 -67430.9642756013345206
759 78 860 120417.8770206807093928
760 1 775 612018.8756658115889877
760 21 772 5155.4203632105727593
761 7 805 -260289.4562769116309937
761 82 763 857677.9525486539350823
762 17 779 -1174866.6087717048358172
762 28 824 -42109.2525447576481383
764 33 776 -487833.7085698387818411
764 53 778 -1147439.5845208279788494
765 16 799 -40912.5012611698039109
765 26 844 577271.7788212120067328
765 59 813 247062.3886816560407169
766 19 767 108974.5826148488122271
766 34 767 -102472.1593874406098621
766 59 855 -72589.1738987851858838
766 70 855 10539.0874224251074338
767 17 814 125941.9279343227535719
767 31 831 160291.3587105609185528
767 47 825 255591.6362969077599701
767 93 783 -327744.2909293100237846
769 21 770 -459843.7109965368872508
769 41 784 -67306.2861988438235130
769 42 784 735958.0583668412873521
769 73 812 9268.5273264097304491
769 82 812 -267185.8700805263360962
769 96 813 -481898.2611671296181157
771 15 813 213357.6160846336570103
771 29 815 -279969.3517483084578998
772 15 846 -207260.5737990720954258
772 74 775 -5819.0026875097828452
772 82 818 35029.2688548773003276
773 31 823 423866.4417059069965035
773 58 821 -283894.3133040750399232
773 91 822 125048.0648325176589424
774 18 833 188597.2695957421383355
774 45 818 -1026971.5660213637165725
774 67 789 28743.7383440716548648
774 80 789 -43307.2957219423769857
774 87 819 -206720.3358571576245595
775 37 818 101352.2080888638593024
776 11 778 75761.5085324402607512
776 78 820 213949.2169953102420550
776 93 794 -177124.7695680499600712
777 8 792 566387.7568324272288010
777 29 791 1759042.3662647630553693
777 86 793 -150748.6895550893386826
779 12 854 378652.8957389009883627
779 21 854 78988.1724711693095742
780 3 827 423789.7350727080483921
780 21 781 68022.5652821440162370
780 36 781 94329.8257242003746796
780 86 855 -1148609.9452935250010341
781 66 827 -158583.5971948902006261
781 82 816 850486.3985180612653494
785 32 845 485213.4602017154102214
785 54 859 -233891.0718235626700334
785 89 817 66045.8997806759725790
786 74 801 175741.7944281190866604
786 82 801 -67354.6782823332032422
787 24 797 -577971.4712934683775529
787 25 797 -184360.3191628813801799
787 50 812 -620249.6982146558584645
787 96 817 31894.2859527799373609
789 76 790 614504.7596253966912627
789 98 804 -545770.1479297521291301
790 8 792 6850.0137259241191714
790 82 791 86075.0125788589357398
790 89 791 -1393364.9605235285125673
792 84 804 477653.9909299692371860
793 28 835 815158.0629499009810388
793 51 849 1123421.7790077247191221
796 24 829 -574469.8389167702989653
796 38 829 6574.6559091131739478
797 8 874 612122.6285895231412724
797 19 799 -535902.5880601373501122
797 71 817 299633.7864051372162066
798 29 801 -10872.9144720333060832
799 88 844 15825.6279242129676277
800 32 866 146306.2780826587986667
800 52 850 108309.2420831273775548
801 48 832 -336382.9884242792613804
801 57 832 3592.0596839582440225
801 74 817 -682449.1078273069579154
802 7 845 -312267.4741572395432740
802 13 845 -361336.6472413192386739
802 24 832 -36670.7429538064898225
802 64 834 564023.3799831479554996
803 37 818 390661.9007534246193245
803 49 818 108482.2306152689561713
803 83 866 -151467.2715013609267771
803 92 866 -40914.5448009572137380
804 61 847 -232412.6360592968121637
805 7 806 19105.7800167504028650
805 17 806 457955.3954852854367346
805 61 809 -469195.4143367609358393
806 27 838 -142031.4895877758390270
807 3 896 26092.3616632798948558
807 12 896 185390.9911336036748253
807 23 897 -155943.1650729358370882
807 53 821 -328356.4693290796130896
807 82 837 -230825.4187388685531914
808 4 884 248166.8522692446713336
808 20 854 -318958.0899802753119729
808 28 854 -311340.3879827734199353
808 59 1 106833.9048663022258552
808 83 898 156834.8132364313059952
809 47 852 -939468.7533515150425956
810 80 811 -53296.7313768938693102
811 16 871 83580.2089560746535426
811 37 890 367714.1609831405221485
811 68 873 -380013.6340890494175255
812 94 813 246077.4223294722323772
814 26 890 -126912.2749148493021494
815 93 873 -274259.7061430901521817
816 33 858 -216529.3856434586341493
816 34 858 25549.7181403342729027
816 43 856 -131515.3022722129535396
817 77 832 68941.9406262484408217
819 88 882 670314.3112137982388958
820 55 822 99714.0545990265818546
820 85 821 -263424.1224015267798677
821 54 836 -825561.7044968088157475
823 34 868 66420.6730749296111753
823 40 868 -257070.5885750349261798
823 54 837 -220813.3070908464433160
825 18 831 7049.4315950965747106
825 47 827 678348.4479178971378133
825 65 855 -9907.9471909049916576
826 28 842 -43855.7506288748772931
826 74 828 -38481.5397844057661132
826 79 828 -370277.6775623463909142
827 5 858 -142104.5960574861965142
828 52 3 -352629.3930962472222745
828 77 840 103590.3704068457154790
828 91 829 14589.0401679591395805
830 7 893 -91325.4647582318430068
830 29 882 74746.1779504216247005
830 56 875 -56556.5325320331976400
831 84 889 -202655.1963057774701156
833 32 850 85421.5020660011505242
833 41 850 -275597.0043284760904498
834 87 848 -88241.4636612337199040
835 33 836 -55005.9872033329884289
835 46 836 -288739.6106322412379086
835 65 881 238475.7396095170406625
836 84 897 20193.3216887652633886
836 93 897 586181.2118086566915736
837 0 880 -13575.5922894400991936
837 9 880 71646.6794930404139450
837 99 880 -13575.5922894400991936
838 2 891 -26056.9681730142328888
838 21 868 27410.4932261608955741
838 71 839 -83207.8229949852684513
839 28 869 -366468.4462793676066212
839 36 869 -376729.4653195124701597
839 95 852 574419.4457799450028688
841 0 842 97363.9017535033635795
841 99 842 97363.9017535033635795
842 4 885 123529.3298112394404598
842 92 885 125471.5415520611859392
843 13 889 -124421.6896546572825173
843 22 889 4586.3314240986783261
843 53 887 -130618.3306220742815640
843 83 858 414135.8627819164539687
844 10 886 6342.1358388853423094
844 22 873 449487.3935351400286891
844 32 873 99036.3349300361151109
844 80 870 16236.1235010233067442
845 21 857 40627.3989268716977676
846 54 866 -5109.1389538932398864
846 80 863 68486.4563077141065150
846 95 860 -67654.8929687238851329
847 37 849 82322.1226482013589703
847 74 864 30797.2503038615468540
848 19 862 252745.5509137236804236
848 33 888 -48384.1724944625821081
849 53 865 -666968.9005940351635218
850 62 882 -41112.0387713789896225
850 92 893 378453.2617977655027062
851 69 868 74759.7638703350967262
851 78 868 -40184.8516337123583071
852 57 853 280974.3049349078210071
853 44 854 -13182.2794337384111714
853 68 884 67359.4658330351521727
853 77 884 -45218.9140398317322251
856 67 887 -4696.7703078559779897
857 23 888 -215860.4974278035515454
857 49 878 87249.4696459318656707
857 78 859 -1142.2648391205304961
857 84 859 -244042.7034555666323286
859 12 879 -13935.7431525023694121
859 40 874 251392.2284593183139805
860 18 863 -84474.1322865046822699
860 35 862 -10006.0558304946080170
861 67 888 35208.4654189553839387
861 84 862 -1357.3992874929967911
864 0 865 -97375.1653630535874981
864 27 875 -313054.4477058423799463
864 61 882 58881.3631677627345198
864 99 865 -97375.1653630535874981
865 26 881 378834.8335197552805766
865 61 877 79790.6046721589955268
867 76 891 -56274.7426339636804187
867 88 883 56341.4726755060110008
867 96 883 -10831.6660123427245708
869 1 883 -120505.4669846582255559
869 11 883 -47398.7856404625053983
870 69 876 -38903.5967401201633038
870 75 876 46879.5126767577021383
871 12 890 38361.8288411084795371
872 56 889 -263885.6745662071625702
872 60 875 3101467787.6152477264404297
872 61 875 3104208127.8037667274475098
872 89 890 -191197.5134688561374787
873 6 886 3135.1045289535431948
873 11 886 154397.3377959432546049
874 14 876 19340.5717405729701568
876 21 879 12567.6252380636997259
877 96 895 -125783.6081823899003211
878 77 888 90948.1533950815064600
881 35 895 -60855.5831150562153198
883 45 899 53512.4958377414150164
884 91 899 41149.2625136791393743
885 72 887 36059.2140032470415463
892 52 895 246847.3035246845101938
892 77 894 81830.2836076621024404
894 8 895 12370.4225724125935812
894 27 897 275257.0347198756644502
894 39 896 3730.8162657709335690
898 6 1 -16235.6602612454735208
