0 42 1 4458215.8690970111638308
0 49 1 -1517213.0638654322829098
0 91 106 870118.8579605361446738
1 47 15 3254567.1781814657151699
1 68 90 1448751.2386351078748703
2 11 17 -36767458.8357386440038681
2 38 30 -472011.0779149199370295
2 55 0 18029835.4192064329981804
2 87 3 5459.6584515019394530
3 66 0 -63839.9797656917653512
4 38 0 -8680858.3522544503211975
4 94 48 10208496.1758737843483686
5 18 6 165029.3892595148354303
5 37 19 -990889.4325989186763763
5 93 0 -509747.7209870701190084
6 12 20 114865.4288405083352700
6 68 0 -274127.9546767937135883
7 28 0 -79602.2852333363698563
7 81 20 18468.3442308415396838
8 17 65 22719.5997787249507383
8 50 0 -33090.0725360429278226
8 63 0 -96662.3383879286120646
9 5 41 -1668.9248055109962934
9 23 25 -1224105.0648624883033335
9 61 0 -3291276.9145938181318343
10 12 55 362617.1683022823999636
10 38 0 4908695.1592824431136250
10 83 72 -5468091.6834230571985245
11 4 55 2024961.1666462707798928
11 11 55 -2944055.8544097011908889
11 22 40 2024383.9676159031223506
11 35 40 12366468.1297936011105776
11 81 0 -105879.9907267656089971
12 10 42 5499633.5521952230483294
12 59 0 4191399.4104039994999766
12 85 28 -1100798.3739291976671666
13 13 14 21115.6335112881351961
13 49 0 -78667.7197120883356547
14 6 27 -79927.5865116367058363
14 40 44 101906.8630216226738412
14 61 104 78554.0051276180893183
14 95 27 148613.8840874912566505
15 17 30 -892222.7098774752812460
15 35 75 -584901.2104100488359109
15 93 0 -5099355.0195326413959265
16 4 18 -124517.7199074266391108
16 44 0 713676.5852223526453599
16 67 32 453.4508468985471836
16 84 47 -3436185.7656786856241524
16 93 47 -3144570.2433266397565603
17 0 46 1832111.7122744254302233
17 11 46 -2766504.9377084141597152
17 19 60 25397505.6596856042742729
17 99 46 1832111.7122744254302233
18 34 46 567138.4195015515433624
19 4 33 -1338294.2304644118994474
19 66 34 5181328.1678254380822182
20 95 79 -32396.4558477564678469
21 18 0 8983749.9396545793861151
21 56 80 3424075.4867840986698866
21 62 80 -10587967.0968723483383656
21 93 66 2090937.1234052332583815
22 21 36 -78964.1730364242685027
22 87 0 806244.3926162774441764
23 1 39 -144557.2766543971374631
23 11 53 -93193.5028822667663917
23 57 0 -91867.3540412099391688
24 27 0 -104123.2792280433059204
24 79 39 65182.3445987625818816
25 1 87 671422.9671558410627767
25 70 73 -3596522.1598328193649650
26 17 41 -53642.8723187953146407
26 68 0 -236174.5257790504256263
27 27 28 143945.3996422963973600
27 36 28 -13134.7588731058185658
27 60 0 -987194.8426297848345712
28 62 43 -180545.1841179844923317
29 14 59 645953.5402289947960526
29 49 0 -2064727.0151115120388567
30 30 0 3807553.4058636203408241
30 87 31 -2647832.6445742300711572
31 39 60 -4862508.0409892350435257
31 51 61 25662.5114848219491250
32 97 0 -7372.7007057856390020
33 79 48 -4210799.6714955689385533
34 8 109 959181.9827188092749566
34 34 122 130772.4348671181214740
34 55 35 -2542314.3515673377551138
35 38 122 552701.3257332552457228
35 56 110 -214353.7487222775816917
35 71 50 3306115.0083471727557480
36 27 80 -418280.7629634271725081
36 88 82 1809442.3525887408759445
36 97 82 38047.4569210724948789
37 5 65 -4635.1980748600153674
37 58 0 129752.0938560156791937
37 92 65 -64338.8481938560726121
38 14 53 -89168.1707486879022326
38 31 51 2899072.7141461120918393
38 38 51 724200.3589547105366364
38 72 0 -2362262.0876149134710431
40 36 85 622546.2213177842786536
40 59 71 14676476.8351467102766037
42 10 58 1421066.9523135314229876
42 34 88 -5052567.9512957045808434
43 75 89 137503.1040448115963954
44 5 148 -4648839.5228672008961439
44 76 59 588435.1126932470360771
45 14 90 -587131.4636828518705443
45 53 105 511274.1191311532747932
46 66 108 -1302645.4865834771189839
47 28 48 -545826.7383692007279024
47 49 49 5518114.0157478367909789
47 62 77 -5818327.2728745276108384
48 8 50 -1273907.9910050611943007
48 27 49 -5187389.5299763670191169
49 24 50 2732909.6859685713425279
49 52 63 -6536600.2778112683445215
50 31 64 8355.1225593980198028
51 42 52 -2641951.7543250946328044
51 52 52 -1350710.7330061928369105
52 12 68 -488321.9186512744636275
52 32 81 701432.7146611256757751
52 85 67 118933.1611360675015021
54 16 67 -730087.2712749707279727
54 51 71 14603066.7009204998612404
54 89 128 4532056.5541699957102537
55 84 56 293084.9890559671330266
56 15 86 -98688.0959089615789708
57 32 58 30746251.5701031312346458
57 64 119 -7892189.6048053391277790
57 96 132 246836.6926561693544500
59 37 74 1742944.3031166750006378
59 42 74 668243.2099486102815717
60 19 62 -16368964.7133905328810215
60 46 93 3650668.6872939220629632
61 82 75 -39065.0027428737521404
62 2 152 6583185.1111960392445326
62 87 107 15178519.8604578953236341
63 27 121 -4450522.2071508700028062
63 44 137 -402978.5216034943587147
64 2 110 -19192.8469881926248490
64 27 94 331125.4529937707702629
64 35 121 446587.1479279790073633
66 52 79 3318241.7397005837410688
67 78 84 1341551.4186235913075507
68 4 143 312969.5406874240725301
68 12 143 33854.9924039373945561
68 35 83 -46220.7604848287228378
68 82 84 460468.8997597629204392
69 22 85 43773.6772638136098976
69 84 70 268329.5310575284529477
70 4 128 -143105.7019728215527721
70 19 128 -29401.5588141828593507
72 8 87 -3714975.3324256460182369
72 17 87 -6932943.4675014568492770
72 35 86 3305767.1648770384490490
72 36 86 -2078560.5793250140268356
73 7 88 5158370.7441633883863688
73 24 103 1331268.8859374397434294
74 83 162 -2695444.8117404864169657
75 91 90 -60085.9817458993420587
76 5 151 20975.7788984349972452
76 44 91 -1061413.8208470656536520
76 71 90 2702951.0168229159899056
76 94 151 -2439012.3158186962828040
77 34 108 6927680.1270230691879988
77 43 108 2049793.8789700295310467
78 1 122 -138623.7858182457857765
78 24 95 58120.5764106523274677
78 36 170 132575.0368591099686455
78 47 154 2380.3808669537766036
78 66 94 -17542.3423405967369035
79 1 109 -2303740.7994782417081296
79 62 96 965401.1824965138221160
80 66 99 -2059001.3029862153343856
80 79 99 3569114.6453913496807218
80 93 96 1088675.2008709914516658
81 2 82 266000.1475232844823040
81 7 82 -715338.2815363717963919
82 28 98 -1685543.9958273777738214
83 31 112 29530.9853961723310931
83 68 98 467121.9667939785867929
84 45 128 -1112687.3890510015189648
84 60 127 -188963.9331010885071009
85 4 116 -5323733.9166811788454652
85 86 114 5147559.6985358893871307
86 11 114 -5520636.6207169489935040
87 48 101 10230705.7196212466806173
88 82 102 61440.8221585502324160
88 92 102 -3606151.1911404472775757
89 20 134 -52318.3625364879189874
89 31 134 -37555.9221529320275295
91 5 136 -60963.5029801360069541
91 12 136 -39883.6241702645857004
91 37 120 -92203.2673243022727547
92 12 153 6588043.8735024165362120
92 17 153 -197252.1208985494740773
92 31 151 -726669.2252379510318860
92 49 93 8805519.8293925672769547
92 73 152 -1091671.1552737583406270
94 25 154 -96537.1278241341788089
95 7 200 -37544.5677179916601744
95 28 170 -103877.8104470685211709
95 72 138 271813.7150100337457843
96 91 97 -1449752.7846180202905089
97 81 156 1499683.4039580360986292
98 30 111 14695116.9037504028528929
98 62 99 2481618.2937446031719446
99 8 125 -1616050.8910206325817853
100 0 114 -2048012.6645653236191720
100 54 101 -1532398.7146778572350740
100 61 160 276630.8539383781026118
100 81 131 -1170597.7692464906722307
100 99 114 -2048012.6645653236191720
101 64 146 -20806235.9440865255892277
101 82 160 -218398.6294303824834060
102 65 132 1460364.5469844217877835
102 85 118 -4320011.6979056317359209
103 85 146 4876207.0015535913407803
104 81 134 19288.1012106389425753
104 89 134 28667.3178651854432246
105 37 106 16590313.4064380545169115
105 88 120 -14147302.3794358745217323
106 76 0 9096226.9451596438884735
107 26 139 -18659806.1500658467411995
107 58 152 398850.5312550157541409
108 11 137 -23222056.0611524097621441
109 73 156 -2080984.1826686959248036
109 90 138 -727903.7396045135101303
111 18 141 -17362.7707601543879719
111 94 126 7511602.5327924638986588
111 95 126 98893.0254524361225776
112 47 143 -10087.0957904671795404
113 49 129 -408436.5113478806451894
113 83 172 -1098397.0608493746258318
113 91 172 -259732.8266869388753548
115 5 116 1623683.1774497744627297
115 6 116 3181884.0175240407697856
115 48 129 1780017.2338731561321765
115 55 129 -775071.1469093227060512
116 0 133 3433048.6371341589838266
116 82 131 3845707.6139610665850341
116 99 133 3433048.6371341589838266
117 20 129 19829.7679913348729315
117 30 129 -105102.3960135026718490
117 49 133 -447603.3759150610421784
118 1 147 27475.2444340396687039
119 13 163 12016495.2939268723130226
119 23 163 -3152426.8728984207846224
119 44 179 14956846.6487238369882107
120 15 3 -1102969.9183080494403839
120 95 135 9058615.4964199326932430
121 33 123 2831569.2875361465848982
121 41 123 1788114.1526618888601661
122 37 138 -1112077.2974680562037975
123 41 169 -1167378.7449147661682218
123 42 169 -4461693.7690092753618956
123 76 215 1732938.7119306742679328
124 18 138 -272027.6781678543775342
124 36 156 -169105.7445739030081313
124 74 142 648638.0904228324070573
124 86 200 -264493.0992926166509278
125 8 140 4083626.0866893194615841
125 86 141 2993.7135436566854878
125 91 141 -17679.3078491253363609
126 8 188 -15969039.3450900353491306
126 58 144 5319242.5015293592587113
127 28 145 2414732.4309947798028588
127 74 128 13505224.2657384648919106
129 26 158 -5053432.7761791944503784
130 6 131 -1056642.3411364960484207
130 46 175 1015025.2427945089293644
130 54 175 -1264924.2794692753814161
132 92 164 -948264.4159431679872796
133 39 173 -8386973.1815616991370916
135 35 181 2964906.5732161481864750
135 42 181 4612138.4803787143900990
135 60 3 592052.2897970570484176
137 17 168 1375258.0791859785094857
137 35 139 -7125708.5732659678906202
139 55 182 15651742.2888206467032433
139 81 198 3354700.8334162398241460
140 41 157 -110987.8554607287223917
140 79 156 357813.5758463860838674
141 42 144 -25181.5485345665256318
142 3 183 731073.3694347988348454
142 68 157 337396.3177350006881170
142 85 186 -270348.9047645467217080
143 12 145 23111.3682788294900092
144 12 184 -4509268.8810309534892440
144 86 185 -212162.3546877037733793
145 13 189 428570.2095323702669702
145 34 188 -845006.8909905285108835
145 95 172 1756778.7852199510671198
146 11 177 2372744.9959235913120210
146 93 147 3274738.5054162484593689
146 97 147 13316694.0425047632306814
147 6 161 -13272082.9555493164807558
148 85 194 -4476743.9214994711801410
149 25 224 -780055.1066877173725516
149 56 209 232976.1654623254726175
149 57 209 3188727.1835303613916039
149 96 162 -1905386.9887791089713573
150 49 181 -92085.0926410421670880
150 86 165 13690.2659608464200574
151 90 165 237158.8372813020250760
152 51 196 993444.2552103076595813
153 10 210 9925313.1908195223659277
153 93 197 -2223599.0711501357145607
155 4 188 -34645.8737756136470125
155 71 185 137617.0372716612473596
157 25 184 -715341.5220542326569557
158 19 191 871428.3716776600340381
158 43 174 -691040.8178120345110074
158 55 174 -4471117.4021205743774772
159 29 207 -582625.2052484853193164
159 79 177 609121.3496861166786402
161 65 238 -2003227.7105968871619552
162 11 1 9181507.9100229777395725
163 68 194 1437509.8976307762786746
163 82 209 -10718234.0673552602529526
164 93 178 -3205314.4115276159718633
166 1 285 9314712.6121851727366447
166 18 3 9471337.4000582322478294
166 43 180 2665250.9409568761475384
166 72 225 -15381165.9882225655019283
167 4 210 4253335.0875926250591874
167 29 225 3562484.3158445097506046
167 39 225 4195238.4774154964834452
167 56 180 -9904164.2446474749594927
168 17 215 -9126563.4325817078351974
169 20 216 -331703.9146353300893679
169 51 244 786922.5881786489626393
171 37 219 -308782.3686771148932166
171 92 232 -777341.8540272519458085
173 8 204 2084259.0993694954086095
173 87 223 -4455659.1611874848604202
173 97 204 109834.8163536071515409
174 6 203 738382.2215733675984666
174 20 190 482297.8004717703443021
175 7 223 5812344.7441055877134204
175 68 177 9196221.2993503883481026
175 94 237 1631283.7083463089074939
176 41 208 -3023028.8079961398616433
176 66 193 -1184601.7010337619576603
176 93 209 -3544147.0980964465998113
178 15 192 -525143.0693758175475523
178 29 192 -389364.1253086401266046
178 51 238 8444214.8433466628193855
179 1 193 488397.5756588110816665
179 26 192 -12722947.4697526935487986
180 21 181 -373046.5035780920297839
182 11 211 -3689314.5672824108041823
182 58 215 1571462.3335545964073390
182 70 228 -13111871.4914804343134165
182 83 228 5878983.3824892165139318
183 10 214 23920.0083332712893025
183 11 214 179867.3405298964353278
184 42 187 527732.0779439808102325
184 44 187 170063.2458890440175310
184 60 199 2389215.6644898890517652
184 76 186 859445.3779115983052179
186 25 217 -1025334.2818343827966601
187 10 232 600026.5364308014977723
187 30 260 -213951.5550046146381646
187 41 199 -138255.2530403879936785
188 83 189 -4256849.0771647682413459
189 18 190 2629216.3124389690347016
189 27 219 8186526.7612932315096259
191 62 204 993680.2055313574383035
191 67 206 -1690924.3261473136954010
191 94 220 -61469.6370929340191651
192 6 283 -1256447.9623786634765565
192 91 239 3282675.0276102083735168
192 98 283 -943461.8040076771285385
194 1 209 942229.0388807834824547
195 8 211 -1491188.8325346135534346
195 47 241 279083.2362103256164119
195 52 241 4732152.7837452152743936
195 75 196 -2693512.4090234106406569
195 98 198 -1795.9544954109444461
197 34 241 -608299.3007000630022958
197 61 240 -106625.9214339849713724
198 26 211 2944032.9469407433643937
199 18 260 -8330.6383419335688814
199 37 201 6444070.5371815497055650
200 53 229 3563.9088686684099230
201 29 246 -1238741.6494130454957485
201 87 231 -1271575.9268117777537555
201 98 231 -5750086.9298414262011647
202 34 247 -275960.4184034201316535
202 88 218 6055661.3825363311916590
203 11 234 -273411.3744519379106350
203 65 220 -548757.2959861453855410
203 89 248 -283190.5643086535856128
204 64 206 1492456.0618623332120478
205 32 223 1201802.3573125894181430
205 45 223 -1201916.9852242534980178
205 70 236 1272163.0825541573576629
205 86 266 2041340.2509984006173909
206 10 221 -384915.4727636403404176
206 18 221 79886.8297501072811428
206 91 266 -589461.5431158052524552
207 38 253 -3278195.7784839500673115
208 39 297 -8744.2832982720919972
208 70 296 -2905189.1081771482713521
208 84 239 -11792354.2066317312419415
209 23 222 -4197767.7326816357672215
210 91 240 -33684.1543145233154064
211 61 212 916250.5600506344344467
211 85 227 -53099.0212868094531586
212 57 228 -29611.9899832984192471
212 95 255 -76928.7999311762396246
213 5 258 8780569.9959618747234344
213 52 215 -8524606.0551768243312836
213 82 244 -6133892.9652084568515420
214 38 246 4388009.3031295174732804
214 63 245 -40419.3828003175076446
214 79 230 -3722587.9530080636031926
216 22 230 -2895599.2585580707527697
217 23 246 55618.2419750345288776
218 50 219 -12410837.2433700468391180
218 69 233 -582731.2768219122663140
218 82 233 -7087373.3508671857416630
219 29 234 388921.1967584717203863
220 82 251 135044.2475649351545144
221 2 281 308770.5905289626680315
221 23 251 -518544.0754897290607914
222 17 254 -6308866.4573554089292884
222 26 297 2467431.2313578440807760
223 43 237 -346013.1516566242207773
224 27 254 1667139.3444172323215753
225 95 226 13265729.7387236654758453
226 18 287 -9461282.4933126904070377
226 19 287 -1607927.2464501848444343
226 34 330 326374.8687709394143894
226 48 270 -1549206.4373095794580877
226 57 270 -340554.5051045718137175
227 60 288 -78217.1944898684305372
227 79 256 -22913.4830696629032900
228 3 243 -5124368.8279954241588712
229 16 230 56709.1989826526332763
230 1 259 75211.8214505927753635
230 10 259 -3605.7776069238589116
230 80 245 -26600.8345470282547467
231 17 277 6857475.8076393520459533
231 28 277 -3933808.9030006956309080
231 67 275 -5093317.0579136507585645
232 70 261 -236198.3949596772727091
233 53 248 275796.9960429256898351
233 74 250 -13936243.1613224949687719
233 90 280 -180775.6495478193392046
233 98 280 4961060.2829241296276450
235 24 279 4273802.9901722660288215
235 76 250 2619360.5758045320399106
236 11 282 -301067.4351049576071091
236 97 328 1642331.5284246450755745
237 44 252 574643.0487526492215693
237 54 252 -2671600.2394934087060392
238 84 253 2685163.8184037357568741
238 91 253 -18422553.4626882486045361
239 44 268 -107330.1930544463975821
239 52 268 93722.3665959806385217
241 62 256 -4220945.1315075084567070
241 79 287 207987.0681666620948818
242 36 243 1994250.1691070660017431
242 43 243 9937890.4320109337568283
242 75 286 9095950.4526953380554914
243 13 258 160698.9287517068150919
243 31 271 -5372484.8667467739433050
244 41 259 140775.8920483710244298
244 51 257 -857631.0961796881165355
246 56 274 -3943130.2912884037941694
247 7 261 -50892.7264468666762696
247 60 262 6418375.0423623863607645
247 67 263 -3326624.7980413297191262
247 94 277 2834216.4608458974398673
248 64 251 155673.1136867007589899
249 28 250 -1922610.1400073703844100
249 78 324 -10775.1700347755213443
249 82 324 -2687375.2947353315539658
250 55 265 -9272710.0324736200273037
252 25 284 -3195620.3035666230134666
253 18 284 5930702.1629844112321734
253 69 267 -6089658.9379991600289941
253 98 299 78021.1478535056958208
254 11 1 966098.1192236231872812
254 40 298 135542.8129027401155327
254 49 298 -4254364.1457701390609145
255 57 288 76111.1497645340277813
256 15 346 -1597782.4346787075046450
256 86 288 11044.0309843154736882
257 40 289 -15147325.0930933784693480
257 54 273 -3763823.7446866035461426
257 57 273 -788068.4169213288696483
257 90 258 -2738209.9426722745411098
262 68 280 -5028300.0812954921275377
263 7 336 2563364.1743508004583418
263 15 336 721762.3613520240178332
263 84 322 218206.7716858233034145
263 85 322 163390.7645694094535429
264 19 281 -658978.2926645738771185
264 44 269 1489200.1698865822982043
264 89 309 1344353.0512885134667158
265 56 281 776666.7939988531870767
265 67 281 -7940082.3476287648081779
265 75 295 77116.3610802320763469
266 45 282 370373.4485766362631693
266 62 269 9120414.6414898298680782
266 71 269 2196152.0387532571330667
267 3 311 1182574.8330508901271969
267 8 311 -6068482.5504220910370350
267 77 283 3009052.2902660002000630
268 42 311 -4138.8987255796491809
269 32 327 5033726.1575758084654808
269 40 327 -4250259.7845921013504267
269 79 281 401479.8868390777497552
270 6 301 3804997.0361749902367592
271 94 317 10221812.2242546379566193
272 20 302 -309754.0700878175557591
272 30 302 -25964.7492703318239364
272 39 331 -720655.4481634660623968
272 94 286 -999308.7438150855014101
273 53 317 -6665265.5625006845220923
274 30 290 -11854785.9369433373212814
274 80 275 -146417.0823221621685661
275 89 291 -437913.1616249275393784
276 13 279 -2591038.2874599513597786
276 29 308 -2454014.0043802135623991
276 48 322 -404416.6471389594953507
276 76 280 2905533.2066447488032281
276 84 280 4679611.2033723983913660
277 45 294 -191031.9564635627320968
278 24 291 -19449.4853544093784876
278 72 294 388346.9958919804776087
279 12 308 2152725.3997150990180671
279 63 310 5222380.8300889255478978
279 77 354 -3066052.2722690333612263
281 94 295 -18378.6318131195184833
284 15 328 18924754.6468062400817871
284 96 344 -837376.9016781102400273
285 0 301 -3121621.5487937950529158
285 26 3 2057459.5182921397499740
285 99 301 -3121621.5487937950529158
286 30 300 871355.8213858001399785
286 42 316 -6112428.3722148733213544
287 34 346 -11615365.8873053565621376
289 72 290 5979157.2831123620271683
289 86 304 188118.0377402971498668
290 25 318 5495676.0946939308196306
290 36 318 5907062.7560904007405043
291 6 318 -6063792.3255545198917389
291 86 306 1825021.2081775399856269
292 33 318 -918829.8716162130003795
292 81 320 -601256.7629823471652344
293 42 320 2138.3993825887891944
293 93 348 -198855.2475122834148351
296 41 312 16159.9463219512854266
296 58 355 -140152.6259166483359877
296 66 355 -4772684.7610567705705762
297 48 298 -664690.7624466608976945
297 76 312 -49743.4298931848170469
298 49 1 -10170805.4273991733789444
298 77 329 1519021.8632455884944648
299 19 341 -2307.3988617832565069
300 9 317 -573682.5163568920688704
301 34 345 371939.0686140145407990
301 42 375 10146929.0577836614102125
302 18 350 1447847.7483590298797935
302 41 362 -118376.1188714358431753
302 50 362 -1302256.6837363420054317
302 78 331 1423809.4273615537676960
303 25 333 -3074182.5211011948995292
303 47 305 98908.0142084778926801
303 73 317 1802047.1270826361142099
304 98 307 -109721.0316195091727423
305 2 334 48582.7211347719130572
306 77 338 -1302311.1687463754788041
306 98 320 656905.1631051204167306
307 22 348 -22899.6485612928227056
307 50 333 -6080957.3831204026937485
307 98 318 -860452.4072147432016209
308 13 386 -1438279.5582717040088028
308 31 325 481439.8401171218720265
308 40 325 -4923812.4888280620798469
309 3 352 4521472.8423167718574405
309 13 324 2286975.5093309930525720
309 79 372 -2275577.6660886392928660
309 80 372 180495.7247477961936966
310 31 324 4900947.4450338650494814
310 40 339 -3547138.1845111032016575
311 25 314 5488498.2320468518882990
311 42 313 3186287.8542468799278140
311 62 341 113733.6428593539603753
313 37 417 -3463688.9706972013227642
313 47 343 -4930431.8113463018089533
313 69 388 -8215.4567743030183919
314 31 355 4280196.0111656794324517
314 38 355 -912273.7343377112410963
315 13 347 -178629.7011330242676195
315 23 347 127069.2999127381917788
315 41 330 17052.8560220836479857
315 62 346 1241973.1192460530437529
316 73 360 -42528.1619181124115130
316 88 360 -4210031.0396283511072397
317 64 334 -374431.1071002052631229
319 13 321 256132.5432553683349397
319 37 320 57484.1179778458172223
319 49 320 409559.1964036047575064
319 57 396 1127151.0899711027741432
319 88 335 -1526494.0497929193079472
319 94 335 -169706.0505428648903035
320 9 396 -415431.8182043920387514
320 20 396 -2200206.2588701997883618
321 1 349 2435415.6679962449707091
321 4 349 -172331.1115503298351541
323 2 381 1516419.7190257785841823
323 15 381 285279.0029478134820238
323 31 336 -210445.9533472840266768
323 37 336 4225675.8108251160010695
323 67 325 -9787003.8772203437983990
323 82 384 1371332.7785925003699958
324 44 339 94526.0877622166444780
325 18 369 -13492.4290522872543079
326 1 368 605940.6986202911939472
326 15 327 8035972.6423733606934547
326 44 328 -16315684.9218219835311174
326 80 371 4776048.7824018839746714
327 25 353 1152142.9596473751589656
329 4 356 -14161645.7925433162599802
329 55 1 10093008.8989106938242912
329 92 358 8545735.5085703022778034
331 38 379 137781.2589797273976728
331 68 346 14051391.2358857113867998
332 8 334 1853520.5541794551536441
332 15 334 -47172.6568145846031257
332 41 365 -371689.5807781086186878
332 61 380 348563.5891658233595081
332 87 360 2812748.1821166216395795
333 49 376 -1607965.7142521196510643
335 21 366 2358029.1794049860909581
335 80 337 393548.1064716129912995
335 97 378 197484.2350312433845829
336 47 338 1814059.1396896713413298
337 29 425 1202668.2744132156949490
337 32 425 -144908.0803589796414599
339 32 367 3333776.4182893135584891
339 42 367 953939.2199050642084330
339 96 352 -3661306.7477986603043973
340 12 344 337409.8348946474143304
340 14 344 -304739.9862188136903569
340 41 357 -475978.4311259752721526
340 67 401 70808.5790092149836710
341 21 357 1345.9763778250730866
341 33 357 -262358.5127468122518621
342 1 359 -2782102.5605875388719141
342 13 432 -795644.1246110646752641
342 66 358 4077917.4191555990837514
343 12 389 -155722.3686964387597982
343 21 389 -3370251.1642542560584843
343 44 402 2385517.2099906005896628
343 52 402 -544378.3614403513493016
343 96 417 -9846714.2187056615948677
344 97 371 6500758.3309519588947296
345 9 390 -74024.4797154737170786
345 38 375 -635567.9273879806278273
345 95 347 1101584.0417391501832753
347 3 405 -665735.5887458043871447
347 26 390 -37923.0510579274487100
349 17 376 -3204620.4292196277529001
349 93 394 -1115232.0498452170286328
350 11 364 46128.0076675541713485
350 89 360 -11508636.1951133199036121
351 26 408 2469041.8119558673352003
351 34 376 -241466.5752222482697107
351 64 394 1218320.2343466097954661
351 92 424 20045.7199168863371597
352 64 387 -5973242.2947788499295712
353 50 368 -749624.0967006566934288
353 73 400 402193.9335265528061427
353 84 372 13699729.7013720888644457
353 96 372 -1770363.1536459878552705
354 53 367 -1982025.4031177624128759
354 74 386 1876080.4150777657050639
355 7 356 -1128851.9276423985138535
355 35 417 -7318115.7510523675009608
355 97 356 -985802.8382404552539811
356 0 358 -137933.1907620693964418
356 10 358 824791.7643316681496799
356 28 403 -1438.8922128069755217
356 33 403 -91097.3078790051367832
356 99 358 -137933.1907620693964418
357 46 388 141668.5869926518353168
357 57 430 28041.7624429073257488
357 63 430 23827.8236073742264125
358 23 1 -7923161.5623686742037535
359 5 1 -608406.1388858091086149
359 48 373 -430040.3678058307268657
360 1 363 449494.4521588650532067
360 9 363 5863404.6057799803093076
361 11 392 -5566792.8612792128697038
361 27 406 1551527.3220157846808434
361 59 362 -1963599.3340450825635344
361 65 362 -3491684.2902976074256003
362 1 391 -1014276.2108027010690421
362 63 364 75933.5697418866038788
363 0 380 21410.6616100522987836
363 18 439 12301733.0989553984254599
363 19 439 -578533.2219284456223249
363 99 380 21410.6616100522987836
364 2 377 4578.8194465237511395
364 92 377 -143836.3022787432128098
365 1 407 119123.3333135953289457
365 83 408 3305727.3960155365057290
365 93 407 26024.5160662162998051
366 1 427 -517711.9653954086243175
366 14 394 -867472.8500762080075219
366 83 426 1037342.1479804958216846
366 89 426 361019.5583949693827890
367 66 397 -5849208.8731969837099314
367 81 410 913540.5180515588726848
368 67 446 1082750.1505830232053995
368 83 387 1283867668.9846651554107666
369 29 399 -130794.5418927805148996
369 38 393 44474.9488591880653985
370 18 382 -292026.6437249936279841
370 61 387 -10298547.4903077725321054
370 87 413 -8453581.1983239501714706
371 42 416 8234401.2851338991895318
372 10 387 -11260941.8095526173710823
373 18 434 3581948.2919610315002501
373 39 419 1036454.4882861647056416
373 50 419 -356542.8895034194574691
374 15 389 2567745.3130016033537686
374 24 389 4405725.4581005265936255
374 50 419 12356932.4414123892784119
374 56 419 -794593.4637522258562967
375 33 422 4480947.9673261968418956
376 33 408 -1143547.1666031710337847
378 9 411 -40488.5423804479214596
378 13 411 124359.5166787365014898
378 37 443 -602.1132420184420653
379 42 405 174925.8215015788155142
380 10 441 200743.0888559428858571
380 17 441 -371591.7103928488795646
381 2 396 5104051.3522864179685712
381 73 395 500007.5530572131392546
382 91 397 61356.0253663628682261
383 7 384 -1295047.0928369811736047
383 11 384 -534933.5769304177956656
383 40 393 53382.0986747340575675
383 66 412 -1105596.8366767298430204
383 95 395 15240.7593422332192858
385 24 396 288261.2771506897988729
385 59 395 -87454.4427926269854652
386 11 410 1094783.7317390446551144
386 20 399 -1160207.1976636825129390
387 41 431 46440.7633997660595924
387 56 491 1023702.3337225876748562
388 16 430 46934.3069672550554969
389 1 432 -533330.1725202533416450
389 63 417 -729902.5347544079413638
390 71 420 3230.7551303990021552
391 53 406 37193.1722705955908168
391 87 423 -1055433.5826332084834576
392 6 440 -5589968.7599496375769377
392 15 511 -1185055.2149324358906597
392 50 406 4478671.1178844822570682
393 14 458 -298758.8339656801545061
393 77 399 498365.4342784294858575
397 37 460 727947.5743588553741574
397 45 460 2251988.0328430188819766
397 63 474 -3559428.7198343416675925
398 9 399 -2180070.4076814479194582
398 42 428 2707626.4701024363748729
398 78 458 -678246.5464210140053183
400 0 431 50917.9245270438041189
400 60 446 418703.4662520581623539
400 99 431 50917.9245270438041189
401 37 415 123412.2016852002416272
401 46 415 -12577.7315329093980836
401 50 415 -230015.8065489221480675
402 51 404 245232.6416044382785913
402 63 448 4683656.8091459339484572
403 61 417 88636.6477641164383385
404 68 478 1504752.6550325069110841
405 71 423 239919.7333528037124779
406 45 454 -761834.7541137175867334
406 59 453 -3297197.7622748347930610
406 70 453 -2986817.5774697777815163
408 34 409 143077.2697771316452418
408 43 409 217960.2379091500188224
409 65 424 -3190.7843465953505984
409 90 455 -1014104.0768735418096185
409 98 455 -156532.5486428336589597
411 79 470 -70768.3982096705876756
412 5 470 -1163381.8678758745081723
412 17 425 -946319.5855504246428609
412 60 458 -1330154.5982184880413115
412 87 520 225052.9466030825860798
413 1 447 4617090.9431304475292563
413 90 447 3627888.5224417243152857
414 9 462 -3615731.7996169780381024
414 25 493 -273149.8581529622315429
414 65 490 2289548.4256886290386319
414 73 490 -201263.8067473540140782
415 14 418 -210268.4528236515179742
416 37 492 1451769.9316672626882792
416 38 492 3436205.9721565437503159
416 64 446 -2853940.1153221172280610
418 17 448 111300.4609056235494791
418 18 448 7080292.7941195210441947
418 40 509 558925.4500785681884736
418 79 433 -117857.3610756188718369
419 13 449 1734453.1496238650288433
419 78 463 4995322.2148266192525625
420 33 423 -844591.0715683166636154
420 80 422 1449383.4220476360060275
420 94 422 32075.8320210230849625
421 0 435 47718.6054114784856210
421 24 436 -136781.6803980793629307
421 44 438 -549306.1958641018718481
421 99 435 47718.6054114784856210
422 1 3 -2094784.8970548496581614
422 62 450 -7450463.5853578746318817
422 74 450 -2498684.4834893359802663
424 56 427 -3116577.1172828231938183
424 78 442 -110624.2727381092845462
426 15 473 1300226.3868739916943014
426 83 443 -1588917.8492635390721262
427 73 473 -1474985.3371968581341207
427 81 466 38489.6830533798638498
428 0 474 1664388.8270393605343997
428 14 472 236928.3198621603078209
428 27 501 272334.0073887833859771
428 32 501 -931752.2672761467983946
428 61 471 143653.0062793276738375
428 99 474 1664388.8270393605343997
429 25 491 511686.5137824381818064
429 31 491 -1941651.3139777786564082
429 48 461 -473223.0911579692619853
429 57 461 4527.5884226047928678
429 77 476 -880700.1069467078195885
429 87 476 -699942.5379212554544210
433 41 445 -2369420.3478908305987716
433 50 493 -338276.1018502978840843
433 62 492 1664592.2489041117951274
434 18 1 -232200.5596336740709376
434 43 464 350202.9549653452122584
434 66 463 -5179104.2810409637168050
435 9 437 231600.7260370471340138
435 18 437 1172579.5827728444710374
435 29 451 -2743.4769539687854376
435 56 468 1646259.7464081454090774
436 5 468 6808696.0277654351666570
436 17 468 -56314.1178267612121999
436 57 450 -3808057.6659993296489120
437 5 484 -1532898.2289395888801664
437 11 484 30868.0610131238972826
437 33 451 -23544.8081385228579165
437 87 454 1402337.3990386119112372
438 44 450 797685.2841571695171297
438 90 453 -944691.5604237404186279
439 42 467 2622519.7818341865204275
440 31 467 1248672.6290319932159036
441 1 486 -36641.6825177854116191
442 5 455 134627.7121112565218937
442 64 466 138262.3816972350468859
442 70 512 64951.8094519795777160
442 80 512 -61814.2786472166117164
443 50 459 -3606268.3283740580081940
444 15 459 1038829.7871592588489875
444 55 470 3097522.0171533660031855
444 71 483 -343144.7534864987828769
444 92 497 307953.5781081594759598
445 29 502 -2126306.2946662246249616
445 92 477 -1076923.2996378862299025
446 9 462 193896.8474923083849717
446 15 462 629605.4826750273350626
447 6 460 303730.3262757401680574
447 76 489 -3404046.8242583074606955
447 92 475 -2444371.4420191198587418
449 87 507 2325201.1858829157426953
450 24 3 5794876.8135327901691198
452 12 557 -435608.6705549816251732
452 41 467 -7463130.9112202525138855
452 69 486 -972812.1848272043280303
452 74 526 5386360.7175901802256703
454 11 485 -56860.1268394630023977
454 20 485 14749.4188653499386419
455 4 486 629842.0985668832436204
455 76 487 44683.0984022024713340
455 85 487 -77406.6212947382155107
455 94 486 112773.6346475213213125
456 4 514 -1708762.7768867062404752
456 8 514 -921262.4488417414249852
456 34 457 -76671.1711207551707048
456 61 482 1371305.0723388434853405
456 74 481 421366.1973112613195553
457 3 473 458013.3158847329323180
458 0 471 -393944.6596818113466725
458 99 471 -393944.6596818113466725
459 48 482 351288.3652314293431118
459 49 482 279551.4492995276232250
460 86 472 100897.7513862461782992
461 13 506 -360933.9809325559763238
461 32 519 -99926.1996760307811201
461 84 490 29950.7852807607196155
463 96 504 5115755.6987876854836941
464 15 1 -2670250.8494731937535107
464 40 524 4116473.9526516390033066
465 5 495 696944.7319167865207419
465 30 527 -310372.7341700650285929
465 43 484 -1044164.9564581502927467
465 95 495 453201.4731660468969494
466 14 487 217500513.6145706176757812
467 67 525 6033171.8663609800860286
468 28 571 -6790701.7987201334908605
469 33 564 -1858425.6775739493314177
469 39 564 -1147819.5398413231596351
469 63 556 42019.0337784545699833
469 98 526 -2193609.0256835343316197
470 79 483 -96051.0233112731220899
471 11 530 -82189.4583941971504828
471 88 546 336092.7871601601364091
473 75 513 916747.3137090203817934
473 88 513 2057898.9246898964047432
475 81 499 -1386077.8091563850175589
476 39 519 29125.0545242679036164
476 66 489 -750840.2302188426256180
477 1 503 390328.4781821833457798
477 64 509 -340766.5387748951907270
478 62 507 2317985.1612767288461328
478 63 507 935558.2741595292463899
478 94 509 -2758586.9828963996842504
479 20 508 2011527.5116239401977509
479 61 583 246084.9249016930116341
479 89 611 28538.5459467847504129
480 24 496 -331752.0428093166556209
480 39 601 4312028.4211604511365294
480 48 601 469784.9084157016477548
480 87 542 1156524.8277202490717173
481 29 482 624300.3264073588652536
481 30 482 218900.9283288966398686
481 63 528 -1459232.0818057183641940
482 32 497 44079.9990936506583239
482 57 498 -2579525.5819525211118162
483 69 529 359659.7815814463538118
484 65 510 -8374.3277381755942770
485 3 511 -113759.5866553570813267
488 40 505 4901784.5765201840549707
488 88 490 -2677773.5073824338614941
489 4 517 -12753.9580579417033732
489 22 500 5540551.2446489296853542
489 86 516 -767745.3352039031451568
490 53 491 3040478.8886401848867536
490 61 491 -2451804.1379828201606870
494 14 524 -43829.3619598285076790
494 68 504 -144843.4455404783075210
495 15 573 -724448.8297860637539998
495 67 525 -2031865.6161129039246589
495 93 559 -2957609.4629128966480494
496 35 541 1692224.6572739023249596
496 54 570 -747285.6938681136816740
496 78 572 59216.3100382335833274
497 51 545 -78223.0778614750452107
497 59 545 -2510.5734400006376745
498 3 590 172868.6458699880749919
498 14 590 -1753442.9511681748554111
498 47 528 732368.7054820669582114
499 20 500 1973653.3695728692691773
499 47 532 2493544.9329499793238938
499 62 501 471373.6753964322269894
499 71 501 268648.3512680578278378
500 33 565 -4033983.9822954391129315
500 49 515 -3594745.2893212228082120
500 50 515 148345.7451937076402828
500 57 515 26944.3527506987084053
501 66 532 3654602.9077227450907230
501 82 546 -3121.8031294184670514
502 58 503 -58671.1278982364528929
502 95 505 -4466138.7862666239961982
503 82 535 -713086.2592046108329669
504 98 508 -5264542.4807470478117466
505 44 550 292153.9889971360680647
505 51 534 5855769.3146400665864348
505 60 534 -630936.3164483240107074
505 81 506 60073.8688431594346184
506 58 533 -166125.6899291971349157
507 26 508 -1251723.5160146122798324
507 44 522 -110103.4093202374497196
508 82 538 1672023.2806607901584357
509 52 522 123794.2565011255064746
509 71 539 3150674.8672364396043122
510 16 527 225787.8577084702264983
510 50 541 83489.9487923152337316
511 1 525 4647704.2842543916776776
513 11 514 -97086.0542562912305584
513 21 514 1782777.2838676553219557
513 37 544 -2092268.8671677787788212
514 16 622 273561.2690988739486784
514 40 579 32629.0655080826727499
515 45 594 -1501471.2821044034790248
515 74 549 3819000.0494683217257261
516 16 531 2364366.7556606750003994
516 25 531 1312235.4880652206484228
517 9 551 -46609.4332748488741345
518 29 567 135383.3054575377027504
518 51 568 -1582697.9171690146904439
518 95 534 892033.5849161522928625
519 49 533 40386.0578376627454418
520 20 530 -91769.1321428569644922
521 7 534 8297088.0442171515896916
521 55 537 1343444.1065691695548594
521 64 569 -3823847.9392154593952000
521 79 567 85617.5785761822335189
523 6 535 -2153678.2471270179376006
523 48 553 -159735.9301782172115054
523 64 537 1146986.2226838872302324
524 57 583 -658882.5522533353650942
525 45 557 -6204994.1050836481153965
526 52 543 -7677.2360419782844474
526 62 543 155213.7831240419473033
528 28 649 61486.9032694020570489
528 66 603 1698463.7872610227204859
529 0 530 -78796.3514913527906174
529 30 548 -55696.4753245609608712
529 43 545 -298110.5721501324442215
529 99 530 -78796.3514913527906174
530 36 560 -81475.8131281480164034
531 6 551 -942839.7417361254338175
531 76 568 1132212.0155297394376248
532 35 549 -4152312.5964756887406111
532 64 547 2626653.8489746414124966
534 4 550 -1196579.6386476517654955
535 34 539 6004672.9930782644078135
535 96 550 -396788.1918931808322668
536 24 554 -3871969.4948998312465847
536 88 539 3568172.5665059164166451
537 59 553 -275968.2938506477512419
537 73 553 -1181472.4847069247625768
537 98 569 307073.1343528206925839
538 1 554 392966.0269884979934432
538 15 554 605505.3845813800580800
538 89 611 33680.9872541225995519
540 21 558 -530946.8267656899988651
540 59 559 1483299.0404408227186650
540 73 559 -1922306.0299038146622479
541 90 542 365237.3939385628909804
542 12 571 -1879374.9291527394670993
542 13 571 -291301.9799311160459183
542 84 3 -1408427.1815839994233102
543 0 556 -3205.0459869871169758
543 45 557 555.9296481283455478
543 98 556 6256.8085767405373190
543 99 556 -3205.0459869871169758
544 49 579 76013.3009756964602275
544 74 564 -754325.6837603657040745
544 84 564 1647791.7214741706848145
547 5 591 542815.5218229817692190
547 19 591 183533.2121585336572025
547 34 560 187730.5208127304795198
548 29 591 -97618.7653616633615457
549 13 576 -217928.9984512041555718
549 81 578 -2108025.4110693824477494
551 37 565 217002.0417757800314575
552 13 610 -24748.2195235387080174
552 55 553 -290540.8220112086855806
553 58 598 1537703.0907700429670513
554 22 599 163553.8782142089912668
554 32 599 802794.0776688087498769
554 42 598 3296994.7845826121047139
555 30 601 1775767.0577352619729936
555 51 572 -233357.8075456447550096
555 78 645 -210055.8690008519333787
555 98 587 -54029.3667479829382501
557 49 559 10471706.3510799668729305
557 50 559 -90315.6821079650399042
558 3 602 -1449826.4122696132399142
558 18 574 -132057.9890707969025243
558 76 575 -564946.4518352672457695
559 83 631 50339.8470096995442873
559 94 631 6079910.9337307885289192
561 2 646 1601082.6720809987746179
561 39 563 439534.1268364895950072
561 74 710 2565588.4383958061225712
562 13 575 -59265.2526744351634989
562 65 564 1808537.6175259675364941
562 97 604 -1773247.9449302321299911
563 63 564 3600037.2155727506615222
565 55 581 1383621.3246640942525119
565 64 594 855367.2642027960391715
565 71 594 1010516.9476268358994275
566 12 597 -54786.7863558405515505
566 30 638 354044.7437210740754381
566 36 638 -290479.7984745248686522
566 77 568 -371783.3608029798488133
568 36 592 1256174.5716148968786001
569 44 610 149239.0546800152515061
569 53 610 4870297.8273688582703471
569 65 596 616619.9174161854898557
570 41 585 -1091205.5040920481551439
570 53 617 -247802.1639211506117135
572 45 616 443757.1494882288970985
572 86 601 -428789.7231145674013533
573 13 585 1910442.5015029886271805
573 26 585 585620.2827114049578086
573 88 631 1155511.3808034549001604
574 50 588 24853.8635527443511819
575 69 606 401621.7618264110642485
576 40 577 -159811.9336515895265620
576 60 608 3055341.0801951535977423
576 61 608 -583073.7541133817285299
577 77 578 -42258.8894873442332027
578 56 594 3205566.2271824381314218
578 87 580 -6476097.7463069381192327
580 38 619 24498.5668442260757729
580 54 668 2165943.5106930416077375
581 94 609 647626.6979250669246539
582 1 598 -3052716.3888258486986160
582 43 624 14961.2657988029295666
582 56 624 -2096424.9145368617027998
583 11 627 1098029.6009381862822920
583 90 628 1864411.9440854573622346
584 12 612 4713.9318452762681773
584 21 612 -107132.1400036862905836
585 94 615 853017.4796058066422120
586 7 662 -279738.5413498357520439
586 35 645 1012122.5245323773706332
586 68 600 -1000154.6328334960853681
586 78 677 -497028.0185960545204580
587 3 3 22195.0682037258629862
588 25 632 -1689076.8487232814077288
588 75 631 -4561779.6659496352076530
589 2 634 575773.2786550917662680
589 20 636 -1839592.8658970317337662
589 29 636 -113836.0856655215320643
589 60 623 522415.7439537761383690
589 84 651 3740406.4145568879321218
590 8 607 -1175028.4198787631466985
590 27 623 -1986685.8332124548032880
590 38 649 95649.6226562224328518
590 48 649 -26366.2126755286371917
591 68 625 -1427935.1289083242882043
592 29 609 -1419451.8233795096166432
593 49 594 180345.9051028759567998
593 90 684 -150938.2246104787918739
595 9 681 -1987344.4593006889335811
595 38 715 774044.3474292402388528
595 75 596 -189162.4807535613945220
596 13 597 -85631.9057132722082315
599 14 641 -442026.1045608189306222
599 92 612 -251339.1549935983202886
600 25 615 -1423430.5709623915608972
600 90 616 -11196.5376453622629924
601 80 3 -1331777.5122605375945568
602 50 606 507120.6519990728120320
602 76 678 599330.4309420777717605
603 8 665 -115181.4722351936507039
603 30 710 1101583.8971395755652338
603 41 622 177061.0301770652004052
603 83 648 2155443.9571745651774108
604 46 646 -128792.5630733664875152
604 64 606 -803493.7526972468476743
605 10 636 -785793.2058260005433112
605 38 695 39320.8260964125729515
605 51 741 270495.9998636338277720
605 68 754 305710.7450805901899002
605 77 728 1553307.8354688067920506
606 86 663 35520.2429260554126813
607 7 623 -819238.4944078115513548
607 87 625 980743.3570604767883196
608 19 637 765319.1673414004035294
608 36 635 2042347.8699918973725289
608 57 625 -851265.7656747401924804
609 12 684 411068.4657923729973845
609 89 620 -529709.2389125026529655
610 40 654 -712896.0182797434972599
610 52 653 -81872.9368954955862137
610 64 653 1321714.9168510842137039
612 93 626 -143383.4831290574220475
613 47 671 1045995.8571077451342717
613 63 670 467526.4805905575049110
613 86 640 668483.9364609916228801
613 95 614 -1667072.3622161452658474
614 1 641 -2708669.5233124098740518
614 48 640 -52028.7938484786354820
614 83 624 1182118.0925528504885733
615 61 617 200889.5054663976479787
615 90 618 263607.0397598459385335
616 9 617 -456307.1652189366286620
618 25 631 1091088.3480168781243265
618 57 630 62341.7064203855625237
619 65 684 122862.5060381427610992
620 1 714 -883214.1680789371021092
620 12 621 -7180.1544442860367781
621 73 684 -89240.4853468748624437
623 24 652 -371058.4219804183812812
623 30 652 538212.6208010613918304
624 70 654 2225363.6519740289077163
625 29 652 -617831.2843906263587996
626 21 656 -238415.5668761463311967
626 68 627 -196853.3310798825405072
626 76 627 48282.3497179554542527
626 95 629 -527075.9770597680471838
628 90 629 -811965.4581687825266272
629 35 1 -685482.3860457069240510
629 61 659 -382156.1972746438696049
630 78 647 455177.4840685201343149
632 13 633 -456495.7694808883243240
632 31 661 432290.9926290861330926
632 56 647 3159251.8072313927114010
633 38 678 -326046.7514498396194540
634 53 695 212200.3142085911822505
634 67 695 313175.2793136012041941
635 3 652 1795193.7515530860982835
635 68 667 -1098058.3683515202719718
635 80 651 -1392678.5168768032453954
635 89 651 -3701951.8015230433084071
636 11 679 -2543903.0944593418389559
636 17 679 690391.4767243375536054
636 62 666 186579533.4161452353000641
636 63 666 165487106.2288985550403595
636 64 666 142040605.3269855380058289
637 4 639 -602801.8162354961968958
637 31 667 -4089.3764858656177239
638 2 715 -298657.4628214290132746
639 16 700 -1256138.7492280334699899
639 85 668 1689537.5005856170319021
640 23 655 529282.7608318858547136
640 94 685 -857098.9162115824874490
642 17 657 2424637.4816032447852194
642 29 657 8146.1595702995637112
642 65 659 -545465.2483040712540969
642 88 1 356964.0937034506350756
643 5 689 1043326.3553421770920977
643 37 674 291039.1997425270965323
643 55 673 249935.9559623534732964
643 73 716 -147472.8021919233433437
643 92 644 -579681.6394854800309986
644 12 672 464958.5881300366017967
644 87 671 -780740.3198540477314964
645 17 675 -3716283.4190298723988235
645 20 675 -19767.6441525608934171
646 77 676 -631278.9461404497269541
646 82 676 111353.0419599049200770
647 55 661 167153.2485687834268901
647 68 690 -884361.3025292194215581
647 98 677 -593671.4518517371034250
648 51 679 -2122352.9241838380694389
648 66 707 109615.9455601877998561
648 78 707 -1401157.4382309077773243
650 9 726 -569.4558951083176908
650 24 725 1391983.7888473456259817
650 71 680 -733048.1169841914670542
651 41 680 1517371.9072157084010541
653 92 699 -1831073.6856798336375505
654 12 655 -5788058.2242124387994409
654 22 698 -404581.4093470918014646
655 1 688 543853.8413712497567758
655 78 685 -613902.5534213769715279
655 93 688 3285800.3040954344905913
656 0 659 32639.3967042375043093
656 30 686 -320031.3012343548471108
656 38 686 -21224.5630955495107628
656 99 659 32639.3967042375043093
657 48 672 -1239784.6156529474537820
657 56 672 -1303298.0894704591482878
657 82 671 -1619846.7606520936824381
658 17 704 987951.4158870971295983
658 57 822 109836.2254218478337862
660 12 3 874409.8283417461207137
660 56 675 -286283.7544853258295916
661 16 752 -137661.8661014640820213
661 96 693 265953.4690370280295610
662 38 692 -53359.1390752302759211
662 55 795 -524605.2632330040214583
662 88 675 900296.3594332578359172
663 20 676 -198908.8267398171301465
663 29 676 1196203.1253183425869793
663 45 711 -803497.1982004222227260
663 77 678 -4270503.9385589212179184
664 8 727 11744.5872656377596286
664 33 729 88155.8743769742286531
664 81 700 262171.7041136031039059
664 88 700 -2673.6273559552200823
665 8 710 -114929.8619509522977751
665 76 709 54587.0460322241051472
666 3 667 343397.1287582379882224
666 46 726 -1069352.4041098316665739
666 93 667 185805.0744688613922335
667 49 700 -487641.9969195218291134
668 7 683 37637.7549123450153274
668 72 669 -1177827.8404211027082056
668 85 669 -1683011.7613582203630358
668 98 683 -72039.1581411884835688
669 38 713 715221.7765708146616817
669 62 701 2967439.8664257079362869
670 5 685 -66068.9363353183289291
670 72 716 326522.7015483154100366
671 60 686 235494.7550940902146976
672 36 1 339601.3008149829111062
672 74 689 -1814102.6378271533176303
673 65 687 119172.9041837574477540
674 7 809 780838.4323150389827788
674 82 762 906892.0061265885597095
674 90 824 -299733.7383044322486967
675 86 691 -694244.1940265977755189
676 19 705 506029.5997853866429068
676 98 694 155077.5851462246209849
677 68 692 170153.5192809899745043
678 48 706 -98871.2528030077664880
678 58 706 -1047057.1830957771744579
678 75 693 -159599.0893328259408008
679 59 728 892980.1724618643056601
681 11 682 447281.1020406586467288
681 65 718 560293.0139135079225525
681 89 702 -1135440.5240665166638792
682 11 743 -262293.7074702350073494
682 46 715 -82241.8286528375756461
683 6 700 40967.7366586504140287
685 54 687 -49209.5373317078774562
685 74 732 154134.5974914455728140
688 58 732 -3612235.2524493155069649
688 98 703 -192599.1603852579719387
689 21 1 244753.0274738118459936
689 46 749 1449422.1781051137950271
690 79 738 420795.8312714407220483
690 82 738 1400599.4316237380262464
691 11 796 68356.2462882387044374
691 21 722 -100406.4527752103749663
692 30 738 -384502.9980034048203379
694 36 710 662840.6852237107232213
694 74 709 188975.2879039227555040
695 1 740 154499.6108542984002270
695 7 740 -590754.0643015761161223
695 25 741 478776.0519796549342573
696 18 775 158246.6708232125674840
696 57 727 18049.9879063488733664
696 75 697 213322.3104190629383083
697 11 701 -1048499.5782035926822573
697 36 731 -30044.8503415597369894
697 54 788 721608.1851394042605534
698 20 699 809603.0220177470473573
699 9 703 -2124109.4188276007771492
699 28 718 3515299.7083136704750359
701 4 747 1799298.4618055939208716
702 1 745 929845.2933060188079253
703 50 719 3396411.6306792991235852
704 35 732 195360.0526193396945018
704 65 763 -90734.2721789924544282
704 92 761 -158817.6936089903174434
704 93 761 701393.9019496251130477
705 48 709 -26.0341400625948083
705 65 723 -933174.4584128953283653
706 95 768 1087612.9891809301916510
707 11 728 849482.7964781492482871
707 38 712 -709714.9163803169503808
708 8 770 223151.6829429381468799
708 46 739 -1012287.5192418638616800
708 86 723 2161211.5961014819331467
711 70 739 1704240.0302670253440738
712 51 724 1168856.4999065266456455
712 88 723 -759357.0299710982944816
713 75 730 -8656.5327763622917701
714 23 715 3125340.7894428637810051
714 51 743 -192151.5953702018014155
714 67 730 -1911725.5557672674767673
714 74 730 -1291094.2992423202376813
717 0 719 -55198.3785355659201741
717 48 732 -234601.3978138289530762
717 99 719 -55198.3785355659201741
718 15 764 1123668.1997964319307357
718 25 764 445197.6899147465010174
719 18 748 850194.3676134016131982
720 12 767 237052.7422396318579558
720 20 766 -76262.2845517372334143
720 49 750 -765941.9140712191583589
720 68 782 559504.3892342640319839
720 87 783 138570.2573430241027381
721 0 829 -26432.8468466650010669
721 18 796 -212525.4576694490096997
721 40 795 -118393.2399336366361240
721 67 781 -1359540.2374453642405570
721 86 841 11620.1656607505628926
721 99 829 -26432.8468466650010669
722 58 3 -158163.0054603075550403
723 61 784 -1241005.2240612371824682
724 28 728 -1785177.4535240847617388
724 64 758 1535783.5705828880891204
724 82 784 -692928.4663606029935181
725 1 744 -658011.7817364184884354
725 27 757 -905168.3369381836382672
725 61 740 152644.2996092343819328
726 49 729 -2576.3257441767150340
726 73 744 -1165584.4152261023409665
730 72 742 421937.0783455054042861
731 0 790 -65237.6329805883215158
731 92 791 132190.2004982801154256
731 99 790 -65237.6329805883215158
733 21 746 -146813.7637113198870793
733 53 742 -90545.1411748182144947
733 94 743 681074.8266296930378303
734 30 822 234019.3125027233036235
734 72 806 215190.9073781289625913
735 21 780 -615043.0476967269787565
735 71 752 523648.3201063027954660
735 89 751 -129981.5821455502009485
736 1 751 -13734.4348965347326157
736 25 752 -475858.0381668204208836
736 38 752 -735162.9120494943344966
736 78 768 738574.7503191208234057
737 43 795 268251.1457206854247488
737 96 738 -10003.7256289444612776
738 20 780 -1006039.7027465502033010
739 18 768 -321019.0500972103327513
739 95 755 2411376.8657030370086432
740 86 786 -28303.2292477555347432
741 66 801 1045223.3911165328463539
741 82 798 -159572.8428712891181931
742 11 747 -2513626.2522745369933546
742 87 791 389238.6185850484180264
742 98 791 2526726.7284090491011739
743 25 745 -239992.4163014598598238
744 90 760 953705.4673825830686837
745 10 746 -272134.3149762557586655
745 88 778 205900.9350042108271737
746 0 756 -182955.9334562020667363
746 27 777 -168745.2380699134373572
746 99 756 -182955.9334562020667363
748 44 822 -2393127.1399585185572505
748 52 822 22805.2764508385698718
748 72 776 763223.8035377360647544
749 35 762 -866138.0604567858390510
749 43 762 -420516.5724921165965497
750 46 768 646.0718540826924254
751 10 855 443.4355427292834406
751 96 766 64884.6187749714663369
753 22 810 -139199.3331331547524314
753 69 782 -333549.7345255623804405
753 83 771 261453.7738017068768386
754 44 798 -134812.4298607017844915
755 49 770 -28257.8993728159912280
755 68 771 333277.3638666607439518
755 78 771 1356617.9839111431501806
755 98 782 -844362.1340148654999211
756 6 793 -1035998.9443236010847613
756 60 778 -1173857.7825609496794641
756 70 794 113518.7803499639121583
756 90 835 486857.5304842877085321
757 20 834 7955.5685201295982552
757 32 834 377949.1713853658293374
757 44 802 -482704.5214877754333429
758 36 798 100852.8695386254694313
758 45 787 339117.3559576316620223
759 5 834 761703.0728320970665663
759 18 760 1001910.8235664415406063
759 33 772 -292961.0653010852984153
759 45 772 -501511.6505626434809528
759 72 860 -327424.6633875715197064
759 81 860 -223170.7389735019824002
760 1 775 -214463.6385242820833810
761 1 805 -189392.6282129578175955
761 11 805 -815889.7704910390311852
762 20 779 -1440625.2718075269367546
762 32 824 -509646.6211431912961416
762 95 1 1382613.0762467188760638
763 36 809 -1796644.1446181572973728
764 44 778 -918143.4832722636638209
764 52 778 -2159470.2898135045543313
765 16 799 580168.5298349217046052
765 26 844 -284094.2223920468823053
765 59 813 360439.9551067003631033
766 63 855 -134107.2228189475717954
767 15 814 -231564.0551701422955375
767 32 831 -58639.3706295317315380
767 50 825 404699.8566237453487702
769 14 770 -25544.6464983831428981
769 40 784 808209.7846429621567950
769 82 812 -258324.8183500678860582
769 94 813 8782.7615136969143350
771 6 813 -342915.3865824091481045
771 14 813 29143.3961924393443041
771 27 815 -499195.8598549095331691
772 3 803 -56278.1879224937292747
772 20 846 -66460.6065062887500972
772 94 818 1136714.8877269886434078
773 31 823 255018.1207676646590699
773 57 821 122351.0676642529433593
773 93 822 1109714.0204231697134674
774 18 833 195526.4994666142447386
774 55 788 -245352.1145724245288875
774 87 819 -244133.2282984456978738
776 1 794 238542.9042026638344396
776 16 778 -851166.0755354253342375
776 78 820 -88155.3133458710217383
777 3 792 -335522.1601734752184711
777 37 791 -1421941.7995395341422409
777 81 793 700081.2061268409015611
779 16 854 -119183.7626985650713323
780 4 827 -744085.8795899571850896
780 21 781 1740903.3737235609441996
780 87 855 -136593.8154576803499367
781 66 827 308686.2040813815547153
781 82 816 -822572.4362333175959066
783 70 810 -547985.1995262691052631
785 9 832 528458.5307370107620955
785 41 859 125136.0175485614017816
785 94 817 351003.6759013924165629
786 61 832 8211.0521424602338811
787 24 797 -76574.3512965959671419
787 41 812 -9056.4570217433192738
787 48 812 -516105.7724681288818829
787 95 817 36601.5835632156959036
788 57 789 -173263.2400080926890951
788 93 818 -997393.2129330671159551
789 98 804 -3068.2153427138400730
790 4 792 -473267.0229365703999065
790 23 804 -369721.6979382843128406
790 81 791 -823524.3510634952690452
792 58 847 -33774.6642484474868979
792 75 847 -704324.2964142656419426
793 55 849 1117470.5773195498622954
796 21 829 -44094.1939025140964077
796 48 840 102477.7317690033523832
797 10 874 -42360.5283486259068013
799 50 874 141964.9641824206337333
800 36 866 -5651.1653304078990914
800 41 866 -46857.2875518983564689
800 60 850 -8674.7688512886434182
801 48 832 321116.6311747769941576
801 57 832 895449.4334895160282031
801 69 817 -511278.0988948447047733
802 21 832 329080.6108892262564041
802 85 848 -15529.3815407122092438
803 14 846 -52236.2654828331142198
803 36 818 -37970.0969051925712847
803 74 833 -197493.2458081385993864
803 82 866 219668.5721647174214013
803 89 866 199154.3378247527289204
803 97 846 43741.8887832030086429
804 83 819 -58722.3790926046785899
805 14 806 262807.0017818854539655
805 76 852 -20463.3711112708078872
805 92 839 218500.6044799250958022
806 29 838 207559.4581851780822035
807 7 896 302272.2403501988155767
807 47 821 363927.6236260705045424
807 53 821 -43966.1194362887545140
808 31 854 -63318.5553335611839429
808 65 1 -286222.7618925685528666
808 92 898 -284329.3889431910356507
809 53 852 671320.2634309555869550
809 60 852 277562.5156174649600871
810 1 890 -359193.8011548860231414
810 71 873 183876.4469680342590436
810 91 811 37853.3484237463926547
811 11 871 34155.3386918716059881
811 60 873 -166335.5268496926873922
812 94 813 337400.1442084125010297
814 26 890 -9744.0248103147496295
814 43 872 66125.0567426274355967
815 93 873 120599.2910033465741435
816 32 858 -106410.7937810102303047
816 53 856 -388455.9908059345907532
816 75 841 -216557.4611862375750206
819 5 850 -114312.8201034621888539
819 85 882 212056.5166253641946241
820 95 821 399943.8731789924204350
821 55 836 483088.8206100898678415
823 33 868 149734.6655007527151611
823 44 868 106148.0702873909322079
823 54 837 -68032.6069566573569318
825 18 831 -30106.6538465162630018
825 44 827 618047.1792504054028541
826 30 842 -332831.2739890759112313
826 50 885 -76917.3059506951249205
826 91 828 60050.7927310489176307
827 5 858 -289385.4453584917355329
828 37 3 23776.3910585764315329
828 62 840 75036.4001215474854689
829 56 840 427793.0619281393592246
830 16 882 -37263.4061662382155191
830 52 875 117000.0977591122937156
830 81 893 -4717.6205659719207688
830 94 850 -113884.9892269526899327
831 1 843 156.7802476650590791
831 84 889 8467.7909115575421310
831 93 889 231893.0398646606772672
832 17 845 -181858.6506022132816724
833 32 850 -346143.8248968481202610
833 41 850 -34023.3596306695399107
834 90 848 21842.4804216738266405
835 46 836 -166482.3068533573532477
835 60 881 -80428.1785304718796397
836 82 897 -243454.7336316241999157
836 91 897 8870.1860087096265488
837 1 880 -66548.9618857185851084
837 9 880 -14614.4290091451330227
837 21 896 -62372.0666732142126421
838 23 868 -38076.3290597806990263
838 80 869 498821.2080555556458421
838 98 891 -179610.4179061120084953
839 18 853 -9281.6028438916855521
840 57 3 -1524040.9205212001688778
841 2 842 -281984.9026951835257933
841 10 842 -9286.3730455497061484
842 2 885 -15193.8250925130851101
843 85 858 5225.5500816918220153
844 8 886 13180.7104749917252775
844 31 873 45130.0348065253565437
844 78 870 36882.7309867163203307
845 19 888 -362182.0573342659627087
846 70 863 11030.6179940206639003
846 81 863 -208512.5501193890522700
847 74 864 209971.2148007766518276
847 81 882 71776.5184098773315782
848 31 888 -465913.5038843594957143
849 43 881 -85922.0505059117131168
849 53 865 -607593.4633442005142570
850 90 893 -99442.1203645433270140
851 71 868 -995.6244073444127025
851 83 868 -40436.4568280853345641
852 38 854 -1243261.7475427775643766
853 34 854 72284.6797186779585900
853 77 884 15772.7828476142549334
853 93 869 -620522.5731784204253927
856 76 887 264401.5012200113269500
857 24 888 153233.8993301649752539
857 45 878 -61787.4547483417263720
857 55 878 -3944.5089168041031371
857 92 859 -390080.1138196141109802
859 12 879 -54919.7594287180399988
859 31 874 -372346.7843588055111468
859 40 874 384102.4720690183457918
860 12 863 253246.1959814899601042
860 33 862 -502613.1029878269764595
860 41 862 -383800.7407773871091194
861 64 888 -19517.5570614858952467
861 80 862 1673.1244729228903907
862 42 888 121401.2841040626226459
864 37 875 -296127.2623325059539638
864 89 865 -28851.5442077018415148
865 59 877 -43360.4679196501820115
867 3 883 -32626.5468299812710029
867 81 891 29169.1978629177574476
869 17 891 -865.4267360284239885
870 68 876 -47937.1114844221083331
870 74 876 26985.1773782253440004
871 9 890 -146836.6468857103900518
872 43 889 -9029.8825038627746835
872 60 875 3101467787.6152477264404297
872 61 875 3104208127.8037667274475098
873 1 886 27498.4719010527369392
873 10 886 -32698.1757956748115248
874 14 876 -58053.3787691963298130
876 22 879 6129.0239653631406327
877 10 892 -94055.5910557557217544
881 38 895 -53341.6665047639180557
883 18 884 235994.8596586291969288
883 81 891 63327.3410900126764318
884 50 898 327445.4242984143784270
884 80 899 -21241.2965629332356912
885 63 887 36070.1078463322191965
892 51 895 53178.9579115854794509
892 77 894 -64540.3603691524767783
894 19 897 -58345.4269374415234779
894 46 896 152732.2611118716886267
894 97 895 -17293.6985012222139630
898 19 1 -12766.1690227491508267
898 48 899 -160706.6620924744638614
