-78.445747 113.059806 0.000000
-173.285446 -126.580467 0.000000
-25.595344 -159.662776 0.000000
-173.226221 163.446069 0.000000
-147.592554 -143.716872 0.000000
-70.929552 -88.839817 0.000000
-104.660214 13.644046 0.000000
-132.299173 135.910883 0.000000
7.369410 166.897462 0.000000
180.845524 115.230627 0.000000
49.632692 -158.294192 0.000000
-123.589689 191.969881 0.000000
-142.098871 195.402959 0.000000
42.328790 104.449192 0.000000
8.382334 183.430808 0.000000
25.549341 -77.051731 0.000000
157.230533 -185.935990 0.000000
119.915902 84.650686 0.000000
-196.365059 90.920115 0.000000
179.462681 -26.964989 0.000000
-4.007477 140.571142 0.000000
-194.653119 -49.953065 0.000000
-50.586288 -175.024146 0.000000
77.339947 -103.182652 0.000000
129.541050 -81.078162 0.000000
146.096244 139.657514 0.000000
198.525664 -170.355420 0.000000
123.863799 -97.985513 0.000000
82.427466 89.911333 0.000000
-89.276513 163.370211 0.000000
190.881775 -138.975706 0.000000
43.361255 -157.115322 0.000000
151.185248 -0.415216 0.000000
66.172345 -196.337152 0.000000
126.352428 162.373659 0.000000
-22.738373 -59.462686 0.000000
40.525102 48.287932 0.000000
118.643917 3.561384 0.000000
-31.617092 75.358850 0.000000
180.783870 -199.809623 0.000000
63.809106 -91.052534 0.000000
151.463857 38.281394 0.000000
-41.401003 68.556862 0.000000
136.510578 -47.520598 0.000000
155.423841 151.233929 0.000000
-112.903053 -32.505336 0.000000
118.459110 175.023751 0.000000
128.734006 -198.525920 0.000000
-56.634325 -180.546917 0.000000
-139.712838 99.656231 0.000000
-36.409078 46.097224 0.000000
175.337139 -5.376712 0.000000
28.567846 64.768976 0.000000
46.922405 123.280550 0.000000
-130.549983 186.390410 0.000000
159.755205 -16.507354 0.000000
165.030809 176.247730 0.000000
-8.806191 99.677299 0.000000
-138.287008 -64.243978 0.000000
76.789400 87.471614 0.000000
154.589561 -183.958168 0.000000
71.852125 131.406659 0.000000
-135.311107 182.568538 0.000000
27.978712 186.347743 0.000000
-122.083440 156.596424 0.000000
134.284181 15.002276 0.000000
-133.310149 -188.223220 0.000000
96.095655 -27.510673 0.000000
89.099385 53.851408 0.000000
41.680760 141.445381 0.000000
-179.234222 187.421433 0.000000
-75.433049 198.064781 0.000000
-106.319411 -152.839042 0.000000
-107.430553 129.419039 0.000000
136.625181 -91.414811 0.000000
180.065680 -194.070220 0.000000
-52.353763 -171.885166 0.000000
99.642269 91.837093 0.000000
-122.849588 92.468262 0.000000
177.311670 25.874255 0.000000
15.488693 -66.116407 0.000000
107.371852 -69.499152 0.000000
28.784975 5.073174 0.000000
85.171563 -13.448805 0.000000
8.689074 68.441488 0.000000
62.310256 -34.969076 0.000000
-19.238300 -88.869524 0.000000
-140.445070 56.721718 0.000000
-83.935062 5.614166 0.000000
170.445016 -122.738441 0.000000
-131.809229 -165.247218 0.000000
140.518209 -152.769023 0.000000
-101.314334 171.396347 0.000000
-96.286723 -45.014917 0.000000
-31.161450 1.995297 0.000000
130.204480 189.373437 0.000000
-24.292898 -60.296384 0.000000
-169.442654 128.126550 0.000000
-35.732440 79.362321 0.000000
-194.025216 5.527397 0.000000
134.577437 -129.776434 0.000000
127.384646 -73.935784 0.000000
155.653307 31.142511 0.000000
-82.997061 -197.700454 0.000000
-189.613966 61.054218 0.000000
-138.051705 -46.181742 0.000000
-174.479458 -62.150915 0.000000
-23.480977 76.171723 0.000000
-42.747821 -72.087359 0.000000
105.252086 -7.479013 0.000000
-74.484012 -110.955672 0.000000
96.956275 105.993577 0.000000
48.605121 125.219039 0.000000
-19.866728 141.935608 0.000000
138.488776 -35.604789 0.000000
-52.638122 165.534942 0.000000
-23.943424 -138.932642 0.000000
-158.818927 63.449641 0.000000
134.910146 -48.026948 0.000000
-188.438874 69.266751 0.000000
-195.915069 -46.093846 0.000000
198.578601 199.628402 0.000000
108.078113 -26.452830 0.000000
-60.696808 133.918985 0.000000
51.121191 174.797658 0.000000
106.170364 78.464168 0.000000
91.993075 135.872816 0.000000
45.761394 -152.749081 0.000000
196.805696 -190.091630 0.000000
90.186683 -141.672719 0.000000
-3.624225 -197.137894 0.000000
-191.471105 -175.860520 0.000000
-123.805551 134.862866 0.000000
-145.786887 -49.811491 0.000000
192.007714 -121.436060 0.000000
41.737229 22.035703 0.000000
-50.240503 -12.678788 0.000000
-7.443027 14.472269 0.000000
83.364863 -68.706590 0.000000
-117.754975 100.552884 0.000000
62.675820 195.613901 0.000000
94.673568 -67.529866 0.000000
-58.443349 49.431903 0.000000
-42.190541 -26.782992 0.000000
-108.711578 18.537387 0.000000
-163.966971 33.364591 0.000000
93.067042 -118.452693 0.000000
-70.569385 40.891263 0.000000
185.544167 -67.848997 0.000000
161.045733 -112.160512 0.000000
48.198588 -17.153696 0.000000
-194.934521 -90.348479 0.000000
-108.128487 -180.954171 0.000000
38.924452 63.908314 0.000000
-169.780298 101.347804 0.000000
198.847714 180.407340 0.000000
50.995816 -106.135626 0.000000
-59.913564 -77.585134 0.000000
-4.846578 66.986289 0.000000
127.321630 79.026014 0.000000
135.684022 -195.580847 0.000000
-13.498626 93.167927 0.000000
163.630980 -190.612657 0.000000
37.365725 -75.492926 0.000000
-96.417380 76.045557 0.000000
55.720328 -168.433762 0.000000
-137.954922 149.174816 0.000000
-103.365410 130.405384 0.000000
53.546526 -95.526117 0.000000
14.904173 26.406647 0.000000
-41.277111 -26.169331 0.000000
59.803986 69.577257 0.000000
117.812554 -83.179380 0.000000
140.293580 -108.457491 0.000000
29.913933 41.532500 0.000000
187.957567 179.279064 0.000000
68.537059 154.491321 0.000000
160.851510 191.826097 0.000000
-184.384073 30.925113 0.000000
-79.483721 168.639709 0.000000
-170.147680 13.540533 0.000000
-85.311754 53.175991 0.000000
178.912393 104.216031 0.000000
-29.881315 73.683785 0.000000
97.594183 188.266680 0.000000
195.231262 -150.342226 0.000000
-105.048131 35.872870 0.000000
-129.704035 96.605080 0.000000
183.271500 -23.281257 0.000000
-97.076072 -6.534076 0.000000
-190.159922 -13.312397 0.000000
-185.034659 168.209510 0.000000
78.657014 -177.660848 0.000000
92.307973 106.683189 0.000000
-101.373302 -91.163476 0.000000
178.078529 122.265978 0.000000
15.267977 -168.210454 0.000000
-136.119915 121.138583 0.000000
-165.021540 196.322435 0.000000
88.875331 -118.433357 0.000000
94.131740 -171.510539 0.000000
38.418318 171.447486 0.000000
-61.463227 150.123385 0.000000
-10.789580 -119.755811 0.000000
195.584986 -83.204350 0.000000
59.779755 148.521464 0.000000
-129.542006 -163.993105 0.000000
-116.405238 -180.325279 0.000000
25.185969 -173.646509 0.000000
-96.095975 -104.461762 0.000000
-5.405098 -79.934078 0.000000
36.388768 -157.761136 0.000000
161.326981 5.901391 0.000000
-107.083278 74.764900 0.000000
65.565355 98.608334 0.000000
-163.709112 -63.853546 0.000000
-111.407292 -27.930897 0.000000
-112.225084 95.256458 0.000000
-32.595205 80.352669 0.000000
-78.708410 140.267474 0.000000
-29.044453 -114.891551 0.000000
-49.367943 77.584682 0.000000
149.006705 -62.007409 0.000000
-195.238176 199.823601 0.000000
56.560033 -158.894988 0.000000
18.307511 -53.904322 0.000000
79.605662 -1.135436 0.000000
94.008194 22.413539 0.000000
-167.894738 -158.896261 0.000000
191.510474 -109.751324 0.000000
6.232534 182.466068 0.000000
30.003218 147.026720 0.000000
35.722843 25.158422 0.000000
43.562256 27.650711 0.000000
31.813124 44.159930 0.000000
-55.338325 97.352824 0.000000
28.806789 151.944911 0.000000
137.534344 -181.450233 0.000000
-40.256415 119.662551 0.000000
-176.624494 -137.216959 0.000000
108.579132 -182.750894 0.000000
-38.563544 -194.251288 0.000000
87.026335 -3.720487 0.000000
-162.554123 -169.694130 0.000000
-30.309545 34.723805 0.000000
-63.775885 13.299127 0.000000
-170.156739 -134.685571 0.000000
142.264414 194.403818 0.000000
32.099702 -195.876791 0.000000
18.955939 177.563838 0.000000
-180.897144 -123.559364 0.000000
-101.502014 166.849719 0.000000
150.672408 -173.763936 0.000000
-180.694334 -189.363276 0.000000
190.953646 -177.304813 0.000000
102.702252 -32.293349 0.000000
85.413042 -148.641187 0.000000
135.471980 164.300825 0.000000
-1.416888 -192.530455 0.000000
-6.238309 -195.451183 0.000000
33.616048 4.160185 0.000000
83.315685 193.741125 0.000000
173.311515 -158.891939 0.000000
-167.708582 36.242529 0.000000
60.717368 7.746686 0.000000
124.617052 -17.071103 0.000000
-149.183744 -152.602062 0.000000
19.371409 8.572415 0.000000
-30.110332 -157.404844 0.000000
193.204321 7.447590 0.000000
-127.808349 -111.425604 0.000000
-166.205665 16.512429 0.000000
153.477919 -149.188394 0.000000
-177.914809 -40.210614 0.000000
-12.373248 -116.155589 0.000000
80.278272 44.235718 0.000000
129.191238 -176.275808 0.000000
-169.102222 72.852837 0.000000
110.539659 90.325071 0.000000
-86.422646 59.194528 0.000000
-187.828032 -44.023055 0.000000
-42.737258 -33.105867 0.000000
0.346308 197.832612 0.000000
35.887425 -173.554559 0.000000
-105.752629 -13.002733 0.000000
-187.867066 -138.257050 0.000000
191.154934 29.337418 0.000000
-18.984348 -159.714895 0.000000
-144.242815 -53.244752 0.000000
1.020502 -16.383303 0.000000
107.924956 -60.116959 0.000000
-101.866228 -95.752580 0.000000
5.958799 98.651279 0.000000
24.686670 109.121575 0.000000
-190.495532 196.768519 0.000000
-186.058524 175.795777 0.000000
199.536513 138.716142 0.000000
-6.831300 -18.367307 0.000000
58.676320 62.060182 0.000000
-24.882284 -4.883350 0.000000
136.608688 -76.618613 0.000000
154.999701 110.520550 0.000000
-116.229093 66.983379 0.000000
130.081155 -31.874555 0.000000
-165.517687 -112.814926 0.000000
26.990871 189.994997 0.000000
56.927286 92.327773 0.000000
-142.980658 6.315658 0.000000
16.802621 192.484592 0.000000
135.173762 -101.251768 0.000000
-33.805404 99.243292 0.000000
129.865467 -107.456964 0.000000
169.771209 -78.890849 0.000000
11.733085 111.688297 0.000000
160.517823 -177.632277 0.000000
35.525193 154.764671 0.000000
169.654655 126.782225 0.000000
162.253395 -3.220567 0.000000
-79.775672 31.399853 0.000000
199.632130 152.607592 0.000000
64.527455 84.495178 0.000000
-142.501080 49.247892 0.000000
115.519179 -151.248529 0.000000
77.210196 -102.012208 0.000000
-180.781650 -198.405299 0.000000
-159.351595 25.165063 0.000000
-1.364082 190.999209 0.000000
-151.003017 36.096873 0.000000
-64.965102 -121.553732 0.000000
81.223280 117.693200 0.000000
-118.195638 -163.188950 0.000000
70.799484 -85.952411 0.000000
74.326988 34.473098 0.000000
11.219895 -175.194259 0.000000
161.461551 53.245112 0.000000
-162.453016 118.149053 0.000000
-84.776948 -194.479801 0.000000
-134.686319 158.441856 0.000000
-42.983281 44.456471 0.000000
96.116408 -125.868202 0.000000
28.913004 188.685360 0.000000
49.469649 -107.350263 0.000000
174.962591 7.709312 0.000000
6.980646 134.271084 0.000000
-46.318473 -149.138052 0.000000
-172.645999 108.748872 0.000000
-7.879516 -119.835475 0.000000
-36.654608 -153.501553 0.000000
134.878341 54.979148 0.000000
-77.870314 111.085658 0.000000
-176.214672 -102.947084 0.000000
-198.980777 174.561085 0.000000
181.151907 185.655487 0.000000
92.444813 36.376587 0.000000
157.049238 -190.299247 0.000000
183.938113 -40.617516 0.000000
167.854957 -87.186785 0.000000
-136.495892 88.645201 0.000000
99.136408 117.153457 0.000000
21.770340 183.755378 0.000000
93.196959 74.736555 0.000000
-78.331797 98.854709 0.000000
-168.851097 -43.686962 0.000000
126.477244 -10.803918 0.000000
143.831209 77.096193 0.000000
-164.661993 20.541539 0.000000
-94.382518 154.217128 0.000000
121.775883 -52.062422 0.000000
70.996549 -40.787520 0.000000
168.769552 48.294402 0.000000
-115.869499 34.789553 0.000000
170.473450 96.495354 0.000000
-171.818512 -68.535582 0.000000
189.569258 117.468329 0.000000
192.601764 119.226065 0.000000
158.705141 104.736007 0.000000
92.507360 -59.428687 0.000000
-90.525975 97.019246 0.000000
101.924298 155.275118 0.000000
38.014474 -7.766883 0.000000
-165.242535 -7.566668 0.000000
92.662085 172.630565 0.000000
19.097371 171.883251 0.000000
-142.052285 177.926145 0.000000
-131.520537 -51.676987 0.000000
-72.229831 42.819187 0.000000
-184.458794 19.079470 0.000000
-119.454754 -188.465214 0.000000
-164.571767 -151.481716 0.000000
-8.662343 -42.192862 0.000000
-156.278286 -121.930044 0.000000
84.922353 142.993059 0.000000
-150.362386 171.216406 0.000000
136.748791 115.224624 0.000000
169.146715 -168.065817 0.000000
171.273193 -115.639319 0.000000
-142.606428 -186.176792 0.000000
58.958642 194.433331 0.000000
-124.575351 -89.939184 0.000000
44.963371 -70.445513 0.000000
34.444162 68.512293 0.000000
54.569148 116.039831 0.000000
-89.121838 135.744167 0.000000
47.250214 -166.985169 0.000000
169.312517 -18.035907 0.000000
138.260952 11.939883 0.000000
23.047689 -123.871497 0.000000
73.819125 188.278995 0.000000
38.962462 -194.730967 0.000000
-38.671341 90.432149 0.000000
104.732822 122.528706 0.000000
103.100086 48.966029 0.000000
-7.261540 78.094532 0.000000
105.151991 196.159268 0.000000
-39.245117 145.732255 0.000000
198.297791 81.827142 0.000000
-50.146983 -101.329176 0.000000
66.881752 -12.986357 0.000000
48.957966 189.264640 0.000000
-172.344287 189.272566 0.000000
-157.072084 -89.518927 0.000000
-175.107714 -2.869244 0.000000
-36.860527 -180.624845 0.000000
-190.792354 -43.722104 0.000000
127.871688 1.230996 0.000000
-3.404839 -174.849141 0.000000
-136.975247 41.568906 0.000000
173.750533 -20.097279 0.000000
-174.429771 -10.504109 0.000000
-62.013545 44.048203 0.000000
188.913733 -196.930000 0.000000
-44.230654 71.458133 0.000000
54.730115 -149.985849 0.000000
7.004710 81.360048 0.000000
-0.818039 144.518741 0.000000
-62.099230 38.627938 0.000000
10.528373 106.260620 0.000000
-15.663546 109.819349 0.000000
-152.935472 119.388037 0.000000
36.302086 -176.638020 0.000000
-103.132631 -151.671206 0.000000
-73.589273 -97.097540 0.000000
-136.466262 132.999097 0.000000
-123.012289 -105.665634 0.000000
-127.614405 -36.228066 0.000000
181.738749 -49.866311 0.000000
68.518055 -147.408114 0.000000
-136.230912 77.110226 0.000000
-147.832049 -182.618603 0.000000
163.042268 162.451749 0.000000
-127.739043 -91.398706 0.000000
20.220199 4.692503 0.000000
29.218414 42.706086 0.000000
54.939447 -177.346399 0.000000
-194.407829 -96.664265 0.000000
-27.596308 20.551689 0.000000
-133.633945 52.131945 0.000000
-18.264385 -157.234765 0.000000
29.238171 -170.290856 0.000000
-160.736117 140.485236 0.000000
-56.068251 46.674039 0.000000
-27.571825 -13.548464 0.000000
-139.887498 134.698164 0.000000
65.693939 61.256963 0.000000
136.016870 55.084402 0.000000
91.623926 177.612120 0.000000
109.519437 186.170757 0.000000
153.654873 -106.951669 0.000000
-92.503793 62.575502 0.000000
140.944387 -125.258811 0.000000
60.696021 -28.858740 0.000000
173.666471 -12.694039 0.000000
167.101540 165.762997 0.000000
-79.373873 -147.985353 0.000000
-31.262289 -179.958952 0.000000
131.390634 33.995848 0.000000
-150.889511 -61.361953 0.000000
149.564478 -16.179123 0.000000
-125.107429 -112.008681 0.000000
117.003780 122.811359 0.000000
-141.242980 132.344905 0.000000
185.740293 179.631433 0.000000
154.805771 103.403872 0.000000
196.789511 175.386633 0.000000
-195.439755 -39.059341 0.000000
-111.964595 -72.564494 0.000000
-178.715168 188.485039 0.000000
49.527205 -77.809779 0.000000
-174.770232 -93.551210 0.000000
143.056419 -139.839310 0.000000
-20.228305 -28.038767 0.000000
-107.557847 -141.289065 0.000000
-100.793758 -176.050916 0.000000
-171.591822 -27.390280 0.000000
166.811020 8.408278 0.000000
-157.330896 79.619192 0.000000
-145.299668 186.991851 0.000000
154.077463 56.008195 0.000000
-29.433396 166.822395 0.000000
195.413479 75.736625 0.000000
170.119256 -53.970036 0.000000
139.108217 -173.418652 0.000000
194.829642 -103.920585 0.000000
155.334063 -67.592879 0.000000
193.170375 -166.743865 0.000000
78.808862 -5.496001 0.000000
-150.664561 188.139069 0.000000
44.283498 12.973095 0.000000
116.103882 170.367035 0.000000
-59.753780 -128.444447 0.000000
-67.428011 -118.657557 0.000000
147.575500 -86.662885 0.000000
-76.716660 -95.910752 0.000000
-113.127906 -182.661086 0.000000
-100.713189 -49.464815 0.000000
122.605623 66.919245 0.000000
89.812685 -66.024191 0.000000
-65.601871 6.804055 0.000000
159.358541 123.130377 0.000000
-74.012897 -186.108081 0.000000
-10.693138 -57.064158 0.000000
112.585640 157.696915 0.000000
-80.011668 50.634775 0.000000
137.099613 -125.554605 0.000000
-26.273530 -17.486539 0.000000
144.394311 -173.667414 0.000000
149.939814 78.780799 0.000000
16.060784 -133.327575 0.000000
188.632040 88.394468 0.000000
124.388956 -94.644125 0.000000
86.138665 -50.917849 0.000000
62.249747 -14.328691 0.000000
63.973045 84.024430 0.000000
67.771896 59.048131 0.000000
96.774105 -120.914529 0.000000
81.471993 -99.787099 0.000000
172.703474 -106.700732 0.000000
-2.756535 82.670744 0.000000
-100.357232 180.764923 0.000000
-154.851304 -71.820254 0.000000
152.041464 197.878202 0.000000
-5.639158 -78.694608 0.000000
-22.390141 11.434790 0.000000
-160.168433 -139.101202 0.000000
-51.554119 142.458213 0.000000
185.376881 -86.216136 0.000000
-154.519254 -116.099547 0.000000
-42.497338 -82.288722 0.000000
111.046228 -150.565362 0.000000
-176.828360 -161.573314 0.000000
17.184742 -140.463184 0.000000
-16.481236 128.967376 0.000000
92.198628 -68.355471 0.000000
5.306785 -74.220390 0.000000
-168.896722 76.385602 0.000000
-198.263046 14.993047 0.000000
86.314628 -18.532676 0.000000
139.820747 -100.875533 0.000000
10.506311 197.694254 0.000000
-169.827783 -149.726358 0.000000
124.526655 -179.677984 0.000000
-84.452262 188.462595 0.000000
-179.600297 110.079598 0.000000
-105.079255 36.036994 0.000000
-178.556481 16.526337 0.000000
-142.723943 -134.828262 0.000000
147.222414 -55.491631 0.000000
-98.838522 23.949203 0.000000
-170.988902 -85.359668 0.000000
-180.095977 22.732166 0.000000
-134.507578 -183.935907 0.000000
-143.544423 -178.265694 0.000000
-136.756009 -53.008234 0.000000
55.349694 -57.589574 0.000000
-125.041588 191.769205 0.000000
-58.558417 87.318912 0.000000
100.509109 187.892763 0.000000
65.346093 42.839975 0.000000
-1.011657 63.875142 0.000000
-176.262361 -147.029540 0.000000
108.859449 138.659460 0.000000
156.443372 -77.146846 0.000000
-97.568373 0.461648 0.000000
96.668277 41.403541 0.000000
-65.940977 175.974105 0.000000
-138.517622 -156.001549 0.000000
-169.776023 104.861184 0.000000
-117.711225 5.157427 0.000000
123.546259 -62.944419 0.000000
53.432737 149.038831 0.000000
141.285370 -0.665630 0.000000
134.175594 -8.574620 0.000000
193.962429 -130.159260 0.000000
-49.053004 40.255879 0.000000
190.819000 -87.742947 0.000000
-142.639976 112.163924 0.000000
-0.687190 80.696583 0.000000
-123.607895 -47.520009 0.000000
-15.783969 -172.748615 0.000000
-114.595966 102.315897 0.000000
-29.422955 46.405645 0.000000
-62.060512 152.403914 0.000000
157.479359 43.891909 0.000000
-52.775263 -40.743533 0.000000
126.035284 83.698937 0.000000
-185.739794 149.963784 0.000000
-83.499903 -77.574407 0.000000
-21.110916 -196.193565 0.000000
155.142244 -50.210273 0.000000
-188.204824 23.840918 0.000000
171.518262 29.190299 0.000000
64.011074 -150.388438 0.000000
-132.526002 88.946819 0.000000
62.079288 9.456195 0.000000
-54.631694 60.317974 0.000000
151.558606 154.727186 0.000000
-47.534718 -148.960436 0.000000
-83.405274 -25.259361 0.000000
-184.155017 69.632313 0.000000
191.133859 71.229725 0.000000
173.010300 74.205451 0.000000
44.326701 51.014165 0.000000
-151.963207 -190.129189 0.000000
-30.078498 -96.474512 0.000000
25.832543 110.809488 0.000000
-140.492572 -79.144902 0.000000
160.510236 167.666126 0.000000
190.079328 7.852308 0.000000
-109.914755 -65.114268 0.000000
112.302306 -65.200976 0.000000
9.912840 45.004321 0.000000
-86.549653 -149.164313 0.000000
-101.761570 40.272091 0.000000
36.520653 193.379784 0.000000
134.222114 114.772434 0.000000
194.803510 89.074644 0.000000
-85.376508 83.117936 0.000000
-96.559766 59.983872 0.000000
168.195831 -187.751761 0.000000
-93.757270 97.402793 0.000000
185.887837 175.442808 0.000000
88.561058 155.380472 0.000000
-100.791014 -16.270849 0.000000
136.999574 141.293601 0.000000
20.584036 80.851004 0.000000
172.345557 -114.725785 0.000000
43.026635 -74.925438 0.000000
110.252851 65.041755 0.000000
-34.473462 -80.050436 0.000000
-118.571674 -165.745680 0.000000
124.210526 -108.566318 0.000000
126.928281 70.175290 0.000000
-84.402987 -60.083116 0.000000
65.649368 7.720022 0.000000
132.600926 -46.728796 0.000000
168.557595 -131.832252 0.000000
-30.756539 -100.822865 0.000000
-117.621588 -138.065925 0.000000
167.926134 164.529589 0.000000
194.919823 -104.688892 0.000000
-13.600231 51.044691 0.000000
47.417947 -162.295222 0.000000
-175.669614 58.668206 0.000000
6.793077 177.680408 0.000000
134.265794 51.401243 0.000000
0.657214 -86.921482 0.000000
99.377994 -101.333530 0.000000
78.565143 -39.137926 0.000000
22.230874 49.969677 0.000000
-75.308750 8.285366 0.000000
27.384755 153.569470 0.000000
16.682364 -163.243226 0.000000
3.154574 174.316909 0.000000
-80.023064 104.717531 0.000000
9.632559 153.768356 0.000000
144.576115 -76.893471 0.000000
-35.831875 -84.424399 0.000000
-45.786532 90.009442 0.000000
21.523185 -189.746545 0.000000
-24.162297 -91.108175 0.000000
60.718581 77.743382 0.000000
143.940209 164.988469 0.000000
127.571004 114.927559 0.000000
-27.811247 -165.642738 0.000000
149.833908 -188.497972 0.000000
191.058943 -85.334342 0.000000
-89.572049 -194.767581 0.000000
93.196661 -31.225694 0.000000
-164.172248 142.014630 0.000000
86.114027 192.022603 0.000000
91.575691 30.136423 0.000000
9.856960 -79.180035 0.000000
-119.721997 -20.583918 0.000000
-167.989368 -38.787711 0.000000
-99.233260 -126.630847 0.000000
154.393969 91.288688 0.000000
130.683810 -127.556008 0.000000
167.492929 -45.480887 0.000000
-10.726448 44.502957 0.000000
59.926689 29.982873 0.000000
-90.433927 -131.960697 0.000000
-56.978631 -94.073545 0.000000
-152.813162 172.455192 0.000000
-94.364793 -30.647503 0.000000
-82.208675 149.685287 0.000000
169.580826 -101.835093 0.000000
151.390438 11.575988 0.000000
-52.211791 -46.683022 0.000000
0.542616 128.395149 0.000000
10.876488 -40.728619 0.000000
-48.730969 -127.180777 0.000000
-118.455014 -141.960187 0.000000
-173.742140 61.688669 0.000000
13.497031 -173.108961 0.000000
11.168131 -103.681572 0.000000
131.324000 -137.961890 0.000000
-1.094045 -91.557430 0.000000
-96.442810 86.917264 0.000000
-113.787071 -159.000987 0.000000
-173.075442 -47.540129 0.000000
-194.448057 106.903476 0.000000
57.151944 164.363138 0.000000
-139.432973 21.603587 0.000000
126.080058 44.884427 0.000000
7.222703 145.227183 0.000000
118.507962 -51.991684 0.000000
0.146294 -3.206094 0.000000
-177.888283 172.488014 0.000000
-82.105320 -82.078434 0.000000
187.538629 -34.521848 0.000000
7.363867 -133.652025 0.000000
-88.302177 152.904834 0.000000
-15.399546 -161.739085 0.000000
-75.325886 3.435555 0.000000
4.370684 121.782428 0.000000
12.402713 -6.908483 0.000000
112.918999 133.360497 0.000000
-199.179244 -193.767148 0.000000
-66.149603 -92.483667 0.000000
-121.100603 60.099032 0.000000
91.770700 -94.191760 0.000000
146.064552 -166.966796 0.000000
71.136071 -153.741562 0.000000
157.372970 -155.152307 0.000000
34.773882 -25.041066 0.000000
-55.203593 -26.925361 0.000000
23.857688 108.942618 0.000000
65.722524 36.212479 0.000000
-136.604056 166.578139 0.000000
45.360002 41.383614 0.000000
50.340019 -23.099749 0.000000
136.344630 140.532574 0.000000
180.453472 -167.449357 0.000000
-153.783101 119.510040 0.000000
95.478717 -151.368690 0.000000
-189.393508 -17.188596 0.000000
161.328713 186.076730 0.000000
47.202721 105.356395 0.000000
-155.673637 -45.473693 0.000000
-15.935386 -2.784366 0.000000
1.060173 -155.981035 0.000000
64.222507 -103.765198 0.000000
189.854208 157.523736 0.000000
-115.967962 -100.084902 0.000000
-148.124068 -93.349992 0.000000
2.704866 7.642218 0.000000
45.397565 157.855229 0.000000
-62.700249 140.358456 0.000000
-99.125734 -193.460369 0.000000
-53.502032 31.716234 0.000000
-42.914866 -74.485528 0.000000
-177.627144 75.480319 0.000000
-27.650463 38.751333 0.000000
178.458513 179.032868 0.000000
57.113984 98.510447 0.000000
7.443097 -29.327161 0.000000
-54.843958 1.430105 0.000000
-71.617726 24.582886 0.000000
159.874176 126.556967 0.000000
-189.855300 152.966927 0.000000
-195.841822 -125.588201 0.000000
-20.439928 54.665265 0.000000
103.294343 -156.479653 0.000000
-130.271314 97.356375 0.000000
53.618884 -176.932633 0.000000
113.681707 130.218279 0.000000
-34.665812 139.901627 0.000000
116.778565 -0.875641 0.000000
-171.658025 -104.056629 0.000000
185.966357 -145.401803 0.000000
-111.490157 167.215287 0.000000
87.672125 -184.428234 0.000000
-80.299949 69.924284 0.000000
-101.567622 -54.903753 0.000000
-172.777129 -189.325675 0.000000
-0.944322 62.641709 0.000000
-175.027595 -65.329795 0.000000
137.943807 -65.297690 0.000000
124.943879 -107.338814 0.000000
106.821385 -53.520319 0.000000
75.779887 198.245518 0.000000
61.170434 -160.902467 0.000000
-176.172749 -20.494683 0.000000
191.312467 89.730298 0.000000
161.174954 147.982614 0.000000
-50.510203 185.519472 0.000000
37.489514 109.311596 0.000000
-41.887532 151.653513 0.000000
143.817869 118.066220 0.000000
39.239437 -128.105336 0.000000
156.418377 -44.797554 0.000000
183.387410 -40.540659 0.000000
-36.770520 -137.414099 0.000000
-93.393850 -52.351450 0.000000
-5.724195 -1.193942 0.000000
-168.723836 -27.117476 0.000000
-178.979090 196.080875 0.000000
-30.167918 -188.572878 0.000000
81.911022 -39.861284 0.000000
16.209572 -172.377490 0.000000
180.043850 -119.688726 0.000000
-147.843418 76.720372 0.000000
109.163484 109.562484 0.000000
-36.012162 187.607960 0.000000
101.449297 -23.370032 0.000000
32.424802 -151.162572 0.000000
22.022876 -27.273264 0.000000
-156.515200 -45.147666 0.000000
-30.606510 187.385115 0.000000
-142.193937 32.281481 0.000000
188.594024 180.344090 0.000000
-104.297491 -138.943725 0.000000
155.145868 -9.338275 0.000000
-31.451388 -38.668564 0.000000
-100.171197 -179.426826 0.000000
72.909640 -197.132370 0.000000
31.050845 127.443332 0.000000
84.263913 -114.507275 0.000000
66.613844 129.301495 0.000000
-160.645466 -62.368538 0.000000
-193.822953 -184.294154 0.000000
87.289582 -53.029085 0.000000
-25.415187 99.197036 0.000000
87.889641 -169.520134 0.000000
-149.837837 16.745141 0.000000
-49.746610 133.911655 0.000000
-0.528016 112.327530 0.000000
97.136188 18.798408 0.000000
-82.356772 -167.094871 0.000000
33.774046 -68.160732 0.000000
-39.814348 115.370668 0.000000
174.617963 116.475999 0.000000
39.469043 144.830400 0.000000
118.797653 186.243411 0.000000
-19.750516 40.551156 0.000000
11.657688 -151.285851 0.000000
-32.076149 121.607630 0.000000
140.925186 158.805464 0.000000
-102.143313 -113.795891 0.000000
161.082592 25.895125 0.000000
44.146652 141.436034 0.000000
186.946887 129.944240 0.000000
-94.234135 194.836198 0.000000
-177.010288 191.541219 0.000000
172.491657 42.521381 0.000000
-153.356645 -36.641434 0.000000
-1.249539 -199.198894 0.000000
50.224508 -104.199692 0.000000
13.563962 -26.376165 0.000000
-169.630454 92.311855 0.000000
-198.601274 -0.468215 0.000000
-165.722055 149.977190 0.000000
175.229128 -34.411928 0.000000
104.202348 -116.152351 0.000000
179.854638 -40.049779 0.000000
-34.620563 -55.273139 0.000000
53.079805 -93.393925 0.000000
-109.323865 -91.420187 0.000000
-36.750282 -92.849672 0.000000
-107.453177 -7.801700 0.000000
-171.807762 -9.923151 0.000000
-134.787319 187.973531 0.000000
-58.621027 -105.743157 0.000000
94.276510 -58.328681 0.000000
-6.366879 -138.129893 0.000000
-148.596200 -47.600529 0.000000
-80.939391 82.545538 0.000000
-121.610751 60.996144 0.000000
166.578329 -64.527250 0.000000
70.249168 183.298494 0.000000
-176.162913 96.441711 0.000000
125.192306 54.464278 0.000000
117.208627 -32.045332 0.000000
20.298856 150.671154 0.000000
149.207988 -96.345046 0.000000
71.102283 -180.607389 0.000000
20.315982 -168.069179 0.000000
-123.081556 -57.161656 0.000000
60.325381 15.732128 0.000000
-10.842924 165.609787 0.000000
