15 30 -10462209.19 -3078585.57 -0.979 -0.203 71.13 10.86
15 75 443463.57 -1337702.42 -0.108 -0.994 63.96 18.74
16 18 4100715.40 -5728279.92 0.568 -0.823 132.59 17.36
16 32 -7372.67 -2056.91 -0.946 -0.325 148.64 9.01
16 47 -4250153.54 -11356516.52 -0.602 -0.799 143.88 17.94
16 47 -4807019.45 -24953068.78 -0.271 -0.963 138.46 19.29
17 46 -4920461.47 -6303649.55 -0.418 -0.908 111.91 32.93
17 46 -33462181.94 -24140660.69 -0.889 -0.458 106.12 35.26
17 46 -38382643.41 -30444310.24 -0.418 -0.908 111.91 32.93
17 60 12595982.29 -64110623.02 0.559 -0.829 101.64 35.84
18 46 4100715.36 -5038555.97 0.697 -0.718 120.83 32.77
19 33 12213532.46 -130079.40 0.993 -0.120 190.70 23.70
19 34 -10946205.53 -8998370.77 -0.487 -0.874 204.94 34.54
105 106 -6308370.27 60992987.31 -0.368 0.930 10.27 19.82
105 120 9842288.81 -59049256.18 -0.073 -0.997 7.78 37.49
107 139 -23827163.50 -46784632.30 -0.741 -0.672 112.12 81.67
107 152 12307496.74 5948624.85 0.887 0.461 101.48 70.01
108 137 -19463567.90 -50010541.54 -0.730 -0.683 130.33 61.81
109 138 1169365.04 -2327505.78 0.181 -0.983 222.75 53.06
109 156 -10163153.12 -7236049.06 -0.900 -0.436 232.54 54.17
171 219 -2542746.01 501567.55 -0.951 0.309 324.63 130.33
171 232 2542745.61 214505.24 0.975 -0.223 305.71 131.44
173 204 3598582.39 -5149175.83 0.812 -0.583 416.67 106.63
173 204 4261504.31 -8596371.67 0.219 -0.976 421.52 110.59
173 223 -11903383.41 -19359638.12 -0.681 -0.733 427.68 110.90
174 190 12738043.19 -1113085.00 0.999 -0.049 358.18 114.19
174 203 -817467.51 -3878472.00 -0.020 -1.000 362.83 121.06
230 245 -132926.30 -304716.13 -0.472 -0.882 210.08 128.28
230 259 558947.50 -371022.40 0.890 -0.456 198.46 128.30
230 259 623088.16 -477226.97 0.492 -0.871 195.17 123.99
231 275 33622000.28 -7488063.08 0.933 -0.359 255.19 153.65
231 277 -29848222.89 -3642112.20 -0.939 -0.344 274.10 154.88
231 277 -39345318.63 -11604733.56 -0.931 -0.366 270.36 160.25
232 261 -51400.40 -857448.94 -0.332 -0.943 292.88 136.35
233 248 -1473676.47 991804.11 -0.906 0.423 352.62 153.31
233 250 -34418411.24 -19403331.43 -0.988 -0.152 348.71 165.25
233 280 747907.32 -1958224.82 0.275 -0.961 338.99 166.22
233 280 18599576.99 -20132465.89 0.826 -0.563 335.08 162.99
320 396 -6117806.06 -2522608.20 -0.947 -0.322 251.18 203.95
320 396 -12925265.68 -10280363.30 -0.805 -0.594 247.17 209.31
321 349 7055295.99 240501.45 0.926 0.377 214.06 223.06
321 349 7418012.54 977764.51 0.620 0.785 215.26 221.57
323 325 -30592089.55 5378971.20 -0.880 0.475 300.03 210.71
323 336 981907.73 641515.71 0.922 0.388 285.62 200.92
323 336 7153872.70 10095072.17 0.194 0.981 288.98 199.38
323 381 8651033.61 -3148154.42 0.983 -0.183 284.93 215.61
323 381 20841163.97 -410288.34 0.970 0.241 280.58 209.19
323 384 2597052.88 -14366076.25 0.270 -0.963 294.85 217.34
324 339 532506.93 -7007149.31 0.089 -0.996 371.46 206.17
405 423 425786.55 -1894783.48 0.338 -0.941 45.32 192.37
406 453 9445946.67 -386590.06 0.922 -0.387 54.21 224.69
406 453 22868487.70 3892251.25 0.995 0.095 56.47 218.53
406 454 1972004.98 -4757315.90 0.242 -0.970 60.07 230.99
408 409 1700415.04 -4310999.15 0.395 -0.918 172.56 230.64
408 409 1052045.01 -5826932.41 -0.268 -0.963 167.15 230.52
409 424 -4615900.96 -456843.66 -0.995 -0.098 176.85 244.32
409 455 4257255.42 -4293777.96 0.575 -0.818 164.56 248.10
409 455 5667945.94 -4666107.69 0.934 -0.357 161.41 244.28
480 496 -5939834.72 -254403.23 -1.000 0.013 18.55 304.11
480 542 6232067.03 12505547.99 0.370 0.929 5.47 291.83
480 601 1226541.97 -10317131.01 0.520 -0.854 12.27 309.22
480 601 -292232.34 -11552561.60 -0.602 -0.799 7.26 309.57
481 482 -3135201.26 2978066.53 -0.817 0.577 237.18 316.26
481 482 -5126746.67 6263832.40 -0.566 0.824 237.56 316.77
481 528 2568104.70 -9484077.59 0.115 -0.993 231.40 332.41
482 497 -811327.41 395191.27 -0.919 0.393 253.35 305.15
482 498 -6740999.87 -14288322.52 -0.569 -0.823 249.87 319.33
483 529 -932808.63 -769027.98 -0.547 -0.837 282.79 299.92
484 510 199522.15 -396906.73 0.432 -0.902 49.01 273.81
565 581 -3103351.48 -3532690.95 -0.410 -0.912 384.92 328.72
565 594 2874702.83 -7484007.54 0.456 -0.890 379.51 327.78
565 594 5454525.21 -8359164.61 0.999 0.053 377.14 324.38
566 568 -518467.99 8746214.31 -0.017 1.000 436.30 322.86
566 597 -382168.48 -704052.01 -0.536 -0.844 444.50 338.43
566 638 -220646.50 -6192532.02 0.022 -1.000 434.64 342.48
566 638 900636.43 -7333330.16 0.560 -0.829 431.06 341.34
568 592 2678471.77 -4283899.22 0.724 -0.689 425.98 325.36
569 596 4754974.70 -8094438.82 0.562 -0.827 469.74 339.64
569 610 -5890960.21 -2950786.83 -0.884 -0.468 481.17 334.89
569 610 -10582545.31 -25693620.98 0.008 -1.000 476.90 338.08
645 675 674764.89 -8452155.07 -0.365 -0.931 25.71 362.17
645 675 888552.70 -8911906.85 0.386 -0.923 23.87 362.12
646 676 2151562.37 -2777474.05 0.460 -0.888 172.26 353.46
646 676 1991453.89 -4969500.63 -0.022 -1.000 169.29 352.67
647 661 -2523911.65 -1270392.84 -0.865 -0.502 89.78 362.71
647 677 3095919.46 -925422.18 0.889 -0.458 72.25 356.77
647 690 2288829.70 -5948354.95 0.226 -0.974 83.36 367.42
648 679 -7166083.73 -8298104.08 -0.788 -0.616 235.71 364.33
648 707 391198.82 -1378159.71 0.346 -0.938 227.09 368.31
648 707 2109309.57 -7035988.97 0.056 -0.998 221.89 364.18
720 750 -369620.99 3702798.65 0.108 0.994 125.61 419.38
720 766 779257.76 384556.78 0.932 0.362 115.59 430.43
720 767 2627951.71 -2557087.17 0.760 -0.650 116.83 434.97
720 782 -2328982.01 964572.83 -0.986 0.168 134.11 426.68
720 783 -708606.39 -1779861.53 -0.302 -0.953 129.22 435.51
721 781 -4814236.34 -1614776.02 -0.999 -0.053 51.16 419.29
721 795 -646644.61 1345532.75 -0.360 0.933 45.45 405.89
721 796 5029355.40 3196143.97 0.863 0.506 33.61 410.79
721 829 560528.88 -114169.95 0.970 -0.245 34.97 421.08
721 829 1121057.76 -228339.89 0.970 -0.245 34.97 421.08
721 841 -689532.27 -1980355.08 -0.324 -0.946 41.97 424.49
723 784 -2419599.52 -4875710.65 -0.637 -0.771 195.98 398.07
724 728 -4750507.05 2459263.42 -0.684 0.730 227.98 393.17
724 758 -726803.63 -4181224.13 0.197 -0.980 218.33 407.25
724 784 3874272.15 -564314.79 0.948 -0.317 210.82 399.64
841 842 810118.27 -881101.60 0.484 -0.875 41.90 441.92
841 842 835186.35 -1190516.11 0.051 -0.999 37.30 440.49
842 885 16103.53 -237999.49 0.004 -1.000 36.71 460.47
843 858 32045.48 679237.34 0.039 0.999 77.28 455.58
844 870 -460176.85 -976385.13 -0.395 -0.919 193.06 470.00
844 873 1126761.20 44785.66 0.997 0.080 175.73 459.84
844 886 77735.67 -109228.56 0.657 -0.754 177.42 472.87
55 56 -713748.82 -1631668.97 -0.245 -0.970 420.89 19.76
56 86 -713749.96 -911020.18 -0.682 -0.732 430.86 36.37
57 58 20367098.57 74811976.21 -0.141 0.990 522.06 50.23
57 119 -28079209.61 -55212368.43 -0.563 -0.826 529.99 64.61
57 132 7712110.86 -18884228.87 0.389 -0.921 514.32 64.80
59 74 -7784214.21 -15825920.13 -0.351 -0.937 589.08 37.01
59 74 -6067091.27 -20292159.58 0.486 -0.874 585.97 36.46
120 135 -3563733.33 -58210947.00 0.095 -0.996 6.70 53.12
121 123 -1300115.75 -14554980.36 0.106 -0.994 159.12 84.29
121 123 -7099051.22 -19926121.43 -0.561 -0.828 154.30 85.49
122 138 -3474146.45 -1728355.10 -0.985 -0.170 212.50 59.15
123 169 -2014708.50 -3460592.68 -0.733 -0.680 168.33 97.94
123 169 -12685942.18 -12936142.67 -0.918 -0.397 168.02 98.50
123 215 5586890.82 -6265723.60 0.805 -0.593 150.76 99.09
124 138 2409692.15 1659958.52 0.873 0.488 229.48 66.82
124 142 -132371.38 -2755454.80 0.188 -0.982 235.41 84.61
124 156 -2963242.74 2531747.06 -0.731 0.682 239.79 67.21
124 200 685921.77 -727988.27 0.469 -0.883 228.42 82.63
210 240 -414863.34 -620929.38 -0.592 -0.806 46.95 102.22
211 212 -2393074.52 -1328944.30 -0.661 -0.750 111.89 117.70
211 227 80550.68 -944066.86 0.029 -1.000 98.67 116.85
212 228 -2729492.40 55960.26 -1.000 0.031 124.12 121.25
212 255 336417.74 -679292.79 0.351 -0.937 113.63 135.51
213 215 22874223.44 36893705.99 0.684 0.730 152.65 108.46
213 244 -11502168.78 -14567428.49 -0.844 -0.536 165.63 117.97
213 258 -11372054.66 -21623142.21 -0.116 -0.993 159.27 128.32
214 230 13227497.50 4776810.53 0.997 0.079 214.00 121.17
214 245 132926.46 -399472.50 0.223 -0.975 217.62 130.09
214 246 -12356318.57 -5148636.05 -0.746 -0.666 231.36 128.40
296 312 -47842.56 19275.72 -0.998 0.064 561.01 139.17
296 355 6523917.68 -17830155.69 0.337 -0.942 554.92 146.75
296 355 -2620906.12 -35857790.89 -0.650 -0.760 550.21 146.95
297 298 -20106465.51 -4187362.68 -0.985 -0.172 583.42 122.88
297 312 47842.95 -719811.09 -0.003 -1.000 570.81 131.20
298 329 -905027.53 -14275128.96 0.043 -0.999 588.66 139.24
299 341 -110448.22 42249.10 -0.927 0.375 501.22 161.10
370 382 1977946.71 -1758505.65 0.669 -0.743 384.73 233.03
370 387 -17506096.74 34847534.75 -0.197 0.980 402.91 229.08
370 413 15528150.38 -32367240.54 0.208 -0.978 397.59 242.12
371 416 -1861970.95 -27126798.97 0.237 -0.972 464.74 189.54
372 387 17126721.89 -47597252.14 0.121 -0.993 411.47 212.89
373 419 7256780.55 -1307212.12 0.999 -0.037 572.83 222.20
373 419 10629410.23 -1459456.17 0.989 -0.150 569.89 216.17
373 434 -7022302.13 -7312923.56 -0.393 -0.919 583.24 223.98
374 389 -2656703.78 13068376.35 -0.384 0.923 552.58 199.76
374 389 13525672.93 30247351.98 0.538 0.843 557.84 199.79
374 419 -12108148.33 -27260439.86 0.009 -1.000 561.67 212.36
374 419 -13525673.20 -29557993.05 -0.752 -0.659 558.65 213.94
455 486 3043628.29 151824.04 0.967 0.255 148.86 253.04
455 486 6649197.56 -2367219.59 0.834 -0.552 148.93 258.47
455 487 56345.04 -269077.60 0.361 -0.932 158.99 261.15
455 487 -0.23 -727096.23 -0.287 -0.958 153.57 260.99
456 457 832251.64 1016081.25 0.678 0.735 226.34 296.84
456 481 -2558641.67 -3921390.03 -0.469 -0.883 230.25 313.72
456 482 -5153875.79 726733.88 -0.992 -0.126 235.05 307.43
456 514 3817010.05 3679862.01 0.905 0.425 217.54 307.26
456 514 6880265.70 2883268.37 0.853 -0.522 217.05 304.92
457 473 832251.55 1735366.06 0.205 0.979 215.74 279.70
458 471 -2694915.57 -2773270.90 -0.766 -0.642 314.38 269.59
458 471 -5389831.14 -5546541.80 -0.766 -0.642 314.38 269.59
459 482 3744933.75 -14395735.68 0.275 -0.962 245.17 300.04
459 482 2728295.31 -21614663.87 -0.101 -0.995 244.56 299.96
551 565 3198341.84 -990910.70 0.972 -0.233 393.82 322.09
552 553 -212527.00 669720.59 0.119 0.993 501.95 323.82
552 610 212526.91 38071.65 0.998 0.062 489.56 336.97
553 598 -5066252.00 1904415.75 -0.997 0.071 509.77 312.26
554 598 6756026.24 -13071039.19 0.647 -0.763 523.08 300.38
554 599 -2891952.40 -1698464.65 -0.837 -0.548 534.82 301.71
554 599 -3458003.52 -8346389.11 0.036 -0.999 528.71 302.91
620 621 128482.53 -160516.99 0.597 -0.802 407.75 373.14
620 714 -954357.15 -3831672.56 -0.453 -0.892 414.20 373.31
621 684 128482.59 526046.36 0.394 0.919 395.83 367.78
623 652 -3862291.30 2417964.98 -0.802 0.598 283.47 353.73
623 652 -8003615.28 -391452.19 -0.762 -0.647 283.18 357.38
624 654 5358566.07 -8224057.74 0.722 -0.692 507.48 348.91
690 738 1876764.57 -1480061.74 0.882 -0.471 78.08 381.89
690 738 2288829.60 -5244512.14 0.469 -0.883 76.84 380.60
691 722 2031547.63 -563657.94 0.950 -0.313 19.88 393.78
691 796 -939790.91 -5181153.15 -0.166 -0.986 25.18 396.52
692 738 -2530529.73 -1346483.77 -0.938 -0.347 70.57 382.26
694 709 -139481.61 -469192.06 0.107 -0.994 188.82 364.39
694 710 -1059963.26 1814920.28 -0.751 0.660 190.48 346.42
765 799 -2564981.13 -2072931.63 -0.655 -0.756 193.57 456.12
765 813 1820661.17 4533532.50 0.303 0.953 185.12 441.23
765 844 744320.02 -1755884.94 0.249 -0.969 187.89 456.93
766 855 714650.97 319622.82 0.969 0.246 99.27 423.17
767 814 -504224.08 -1749936.10 -0.397 -0.918 113.69 452.78
767 825 2649908.40 143562.89 0.979 0.206 101.26 439.61
767 831 482267.43 -211259.00 0.866 -0.501 103.53 450.32
769 770 197450.31 -18771.47 0.975 -0.222 184.18 416.30
769 784 -1454672.77 4729804.72 -0.446 0.895 194.91 408.11
769 812 -328315.97 -1133423.02 -0.482 -0.876 194.84 427.28
769 813 1585538.61 -2899517.92 0.482 -0.876 188.28 424.51
856 887 95628.80 -683445.05 0.507 -0.862 49.77 463.46
857 859 2657610.82 1554883.02 0.920 0.392 245.13 478.63
857 878 -93592.64 -476181.07 -0.316 -0.949 256.32 494.60
857 878 -0.20 -715826.41 0.349 -0.937 250.47 495.61
857 888 -2657610.48 -135344.08 -0.994 -0.108 260.24 483.56
859 874 1537734.89 278369.26 0.998 -0.061 225.94 477.69
859 874 3035880.04 742245.26 0.854 0.521 227.65 472.45
859 879 89255.62 -683233.52 0.050 -0.999 232.00 486.57
25 73 -11994848.07 -15770397.29 -0.740 -0.673 477.94 32.85
25 87 15522295.31 -15494258.11 0.729 -0.684 462.30 31.93
26 41 236173.62 -415378.64 0.394 -0.919 494.12 16.30
27 28 1693993.67 -1149774.94 0.865 -0.502 543.55 14.34
27 28 2337212.39 -945530.63 0.959 0.284 542.20 8.82
28 43 -161226.31 -1809464.13 -0.187 -0.982 535.81 20.96
29 59 2064727.19 -33458227.59 0.081 -0.997 586.10 17.83
100 101 -6271943.46 -336143.56 -0.981 0.192 450.16 63.12
100 114 2396598.56 4235396.20 0.813 0.582 433.72 54.34
100 114 4793197.12 8470792.41 0.813 0.582 433.72 54.34
100 131 2345130.34 -6591056.04 0.173 -0.985 436.32 64.90
100 160 -866385.52 -838272.10 -0.540 -0.842 448.10 66.88
101 146 -17470578.13 -48978340.35 -0.685 -0.729 464.38 68.96
101 160 866386.48 115259.60 0.993 -0.120 455.28 69.63
102 118 5395290.75 -9100619.38 0.114 -0.993 492.03 66.96
102 132 -4855633.34 -6425592.57 -0.448 -0.894 503.31 69.73
103 146 6139627.02 -16367350.60 0.598 -0.801 476.54 67.03
104 134 48200.02 -200920.08 0.323 -0.946 552.12 54.48
104 134 161225.75 -312566.44 0.827 -0.563 547.81 51.91
191 204 -3280489.81 3841112.31 -0.786 0.618 406.61 121.69
191 206 -3375411.91 -5894453.41 -0.697 -0.717 406.27 124.79
191 220 1895130.84 -1173066.71 0.835 -0.550 391.84 127.77
192 239 -32118960.24 -10121442.57 -0.920 -0.392 527.89 117.63
192 283 4974887.11 -3224416.58 0.705 -0.709 519.28 117.88
192 283 5398742.61 -7279902.31 -0.129 -0.992 523.57 118.65
194 209 -495416.92 -7566222.34 0.059 -0.998 560.61 79.66
270 301 8945316.61 -6526944.37 0.961 -0.276 22.29 149.97
271 317 -20812997.49 -23471767.81 -0.383 -0.924 151.10 161.69
272 286 -18974340.11 1665999.63 -0.990 0.140 109.22 166.21
272 302 4602247.57 -2925228.20 0.812 -0.583 96.47 172.28
272 302 4761971.58 -3208522.78 0.420 -0.908 91.29 169.39
272 331 14212368.45 2295085.60 0.994 0.110 88.83 164.40
273 317 17924563.32 -17376825.51 0.506 -0.862 163.55 164.58
274 275 -26545450.17 -2899672.33 -0.995 -0.103 235.98 155.76
274 290 34401610.60 -4226458.59 0.891 -0.454 216.69 154.82
360 363 -6554895.00 -24619639.50 -0.240 -0.971 119.62 208.11
360 363 5521659.90 -44732406.98 0.713 -0.701 114.72 207.40
361 362 -5367316.93 9273451.95 -0.334 0.943 77.56 203.27
361 362 -4994461.31 22189635.60 0.298 0.955 81.16 203.33
361 392 -4449790.41 -19668196.30 -0.481 -0.877 78.31 221.44
361 406 9444251.75 -1804197.00 1.000 -0.027 70.99 216.38
362 364 -403665.55 -489222.87 -0.540 -0.842 86.42 195.94
362 391 7249089.78 -2847452.36 0.875 -0.484 70.33 197.30
363 380 -178937.61 -19603.60 -0.974 -0.226 124.70 221.28
363 380 -357875.22 -39207.19 -0.974 -0.226 124.70 221.28
363 439 4705623.64 -41556533.72 0.400 -0.917 115.21 224.35
363 439 5879535.12 -43978302.51 0.233 -0.973 114.61 224.12
364 377 22824.09 -125594.10 0.214 -0.977 93.75 209.31
364 377 0.06 -689430.05 -0.294 -0.956 99.21 208.05
445 477 -1917008.43 -1739975.10 -0.953 -0.303 486.90 249.33
445 502 10227981.95 -16442475.87 0.432 -0.902 470.25 251.84
446 462 -739047.37 -1055007.79 -0.444 -0.896 456.28 208.80
446 462 2501058.49 -11476599.40 0.351 -0.936 452.82 208.36
447 460 7539135.62 4011288.50 0.866 0.501 376.87 263.91
447 475 8626296.89 -9564190.70 0.517 -0.856 378.19 271.57
447 489 -637281.95 -25405167.95 -0.159 -0.987 386.44 276.56
449 507 8289242.41 -7314136.12 0.872 -0.489 539.90 238.61
520 530 -625353.71 -590442.76 -0.796 -0.605 297.38 287.16
521 534 12743679.77 24554373.84 0.173 0.985 461.07 303.70
521 537 -3621722.52 1157154.30 -0.999 -0.052 474.18 317.12
521 567 171117.41 -320456.13 0.666 -0.746 460.50 318.25
521 569 -9293074.56 -24682331.06 -0.484 -0.875 469.59 320.17
523 535 -2233500.59 11880359.30 -0.007 1.000 488.22 288.50
523 537 2498260.52 -10390615.38 0.337 -0.942 483.91 306.64
523 553 -264759.60 -755674.93 -0.512 -0.859 493.58 306.66
524 583 2797698.07 -9935040.12 0.209 -0.978 585.26 275.59
605 636 -2584224.07 5304732.35 -0.314 0.949 255.56 385.30
605 695 -2792275.26 -1699694.40 -0.848 -0.530 257.72 400.12
605 728 5274644.82 2836809.91 0.728 0.686 241.13 392.82
605 741 -206046.50 -4572842.79 0.014 -1.000 250.40 403.48
605 754 307901.29 -1156750.87 0.495 -0.869 241.93 397.91
606 663 -1004901.54 -3282569.69 -0.283 -0.959 153.09 351.82
607 623 3027481.58 -766719.20 0.871 -0.491 281.94 343.88
607 625 -5828493.11 226131.51 -0.992 -0.130 292.51 340.64
608 625 1699878.53 2210898.88 0.822 0.569 311.26 342.76
608 635 14758261.81 -12929426.18 0.817 -0.577 313.30 354.78
608 637 -1411717.81 -1585277.24 -0.351 -0.936 323.17 356.31
609 620 -825874.62 -4709623.25 -0.281 -0.960 410.75 355.38
609 684 400994.91 -999393.92 0.698 -0.716 398.93 350.83
705 709 -11395.80 7561.05 -0.832 0.554 185.13 372.81
705 723 -4153705.26 -4353247.74 -0.794 -0.608 185.97 383.13
706 768 -186537.53 -6749670.23 0.134 -0.991 134.57 383.13
707 712 5942802.78 -5515653.70 0.671 -0.742 214.34 381.60
707 728 -3833493.03 -800523.39 -0.911 -0.412 228.73 379.27
708 723 -5811736.00 564795.10 -0.960 -0.279 177.75 392.50
708 739 5881999.99 770199.13 0.999 -0.041 160.53 392.02
708 770 -70263.94 -641041.45 0.242 -0.970 172.76 402.95
796 829 -80192.00 -255903.21 -0.452 -0.892 29.04 416.51
796 840 4169756.59 -1016171.65 0.977 -0.214 15.42 409.82
797 874 -99978.02 -593527.56 -0.235 -0.972 216.50 461.71
799 874 -2564981.00 -1355322.57 -0.860 -0.510 210.07 467.38
865 877 -659266.08 -1045785.81 -0.563 -0.827 426.24 496.76
867 883 -283181.84 135794.44 -0.852 0.524 556.88 512.11
867 891 283181.87 559738.95 0.409 0.912 545.44 508.61
869 891 13319.30 -31112.19 0.370 -0.929 548.28 495.89
40 71 28340192.54 -27474114.84 0.925 -0.379 395.42 29.93
40 85 -15492298.25 -51051756.77 -0.279 -0.960 407.56 35.76
42 58 -20367097.80 -75535858.78 -0.243 -0.970 517.35 32.93
42 88 18674136.81 -18961742.06 0.554 -0.833 503.73 34.19
43 89 -161226.15 -1107273.71 -0.021 -1.000 534.92 36.58
44 59 -8131818.55 12443575.52 -0.580 0.815 581.65 33.06
44 148 6699243.41 -12388093.39 0.159 -0.987 574.44 46.66
115 116 -5129324.16 8256511.32 -0.662 0.749 406.99 67.52
115 116 -10720051.66 13668124.89 -0.940 0.341 407.32 68.04
115 129 9618724.68 -10796423.44 0.752 -0.659 396.62 81.91
115 129 10720050.04 -12958413.75 0.145 -0.989 392.67 80.70
116 131 -7901184.57 -5855398.59 -0.507 -0.862 423.31 68.52
116 133 -3234945.99 -15007856.48 0.013 -1.000 415.04 74.29
116 133 -6469891.99 -30015712.96 0.013 -1.000 415.04 74.29
117 129 172432.93 220846.16 0.558 0.830 393.53 95.21
117 129 1171985.04 96889.99 0.974 -0.226 396.69 90.37
117 133 -1171985.21 622688.94 -0.673 0.740 407.32 89.38
118 147 5395290.25 -8405894.73 0.542 -0.840 482.27 82.50
119 163 -30827664.84 -17267224.49 -0.654 -0.756 540.01 72.99
119 163 -42462671.41 -17531633.12 -0.969 0.249 538.75 78.39
119 179 14383461.52 -37023617.80 0.686 -0.727 529.11 83.72
216 230 -12899363.02 -6116266.60 -0.972 -0.236 197.61 114.24
217 246 6791553.36 -5707832.22 0.770 -0.639 236.47 128.59
218 219 -2837543.33 43910428.09 0.220 0.976 335.64 136.85
218 233 -4351125.07 -9290552.87 -0.475 -0.880 338.90 147.34
218 233 -17292510.68 -39282174.27 -0.586 -0.810 334.34 153.85
219 234 -1127425.07 -178926.70 -0.875 -0.484 339.00 134.17
275 291 7076549.84 -9665497.07 0.561 -0.828 239.14 160.76
276 279 -23532671.51 -18140517.38 -0.842 -0.539 334.80 193.75
276 280 -1463073.68 7088719.52 -0.578 0.816 325.88 178.25
276 280 8565058.12 21290305.08 0.336 0.942 330.45 179.56
276 308 13618113.97 -2473568.16 0.937 -0.350 326.08 195.69
276 322 1349499.49 55679.80 0.966 -0.260 317.25 189.90
277 294 1945108.19 -968643.37 0.852 -0.523 278.16 169.58
278 291 1945108.40 445082.47 0.977 0.214 246.32 171.63
278 294 -1945108.53 269565.15 -0.998 -0.061 266.33 172.41
279 308 10680731.44 -15508743.23 0.658 -0.753 332.51 200.27
279 310 -23557979.70 -6569373.74 -0.884 -0.468 351.40 199.89
279 354 -264618.64 -7393497.13 -0.447 -0.895 348.45 207.71
365 407 58201.93 -601439.25 0.291 -0.957 153.41 220.27
365 407 0.04 -718439.10 -0.258 -0.966 157.78 220.05
365 408 -12485655.24 -5801873.62 -0.779 -0.627 163.16 216.80
366 394 12750097.64 15012309.59 0.680 0.733 211.50 244.26
366 426 2600613.44 -4678652.92 0.646 -0.763 221.31 254.51
366 426 -5241567.28 -20331026.59 -0.429 -0.903 217.89 254.26
366 427 2922090.27 -1541738.12 0.800 -0.599 212.10 251.77
367 397 1727191.00 -16559495.26 -0.252 -0.968 357.35 237.20
367 410 3102073.29 -104042.91 0.965 0.262 351.39 231.56
368 446 -2242104.09 -5916155.02 -0.189 -0.982 445.98 193.93
369 393 197984.97 -675653.74 0.341 -0.940 313.26 239.82
369 399 -619993.03 -645067.36 -0.791 -0.612 318.30 237.51
452 467 18144609.09 28733609.31 0.707 0.708 118.82 256.07
452 486 -6365726.94 3660239.34 -0.793 0.609 132.47 263.37
452 526 -15235202.03 -17816558.77 -0.458 -0.889 132.62 266.51
452 557 3456319.76 -13861168.70 0.212 -0.977 115.56 271.15
454 485 -242598.43 -228967.48 -0.834 -0.552 63.17 244.24
454 485 -429450.05 -582352.00 -0.434 -0.901 58.87 247.88
510 527 -559326.87 191547.26 -0.998 -0.062 52.60 286.93
510 541 758849.03 105384.09 0.970 0.245 36.71 286.44
511 525 -7159809.84 -13133353.96 -0.182 -0.983 93.08 253.23
513 514 -3820180.11 -4239780.78 -0.682 -0.731 206.01 297.24
513 514 -7421304.62 -8346299.58 -0.378 -0.926 200.01 298.64
513 544 9864991.31 -2225471.18 0.909 -0.417 191.32 296.16
514 579 345184.12 -349826.30 0.748 -0.664 198.83 307.13
514 622 -886222.98 -4391070.52 -0.138 -0.990 208.86 315.50
585 615 -1818615.41 -5111646.52 -0.183 -0.983 65.81 315.93
586 600 -2459635.81 4202773.06 -0.317 0.948 51.98 351.86
586 645 5904972.99 987518.58 0.944 0.329 35.82 356.15
586 662 202464.06 -3123559.28 -0.025 -1.000 44.79 368.79
586 677 -3647801.30 -1351064.70 -0.974 -0.225 53.40 357.13
588 631 679771.79 18072656.95 0.288 0.958 96.27 318.30
588 632 -278905.76 -17200959.09 -0.114 -0.993 96.71 336.58
589 623 -1717146.65 8345699.73 -0.261 0.965 278.17 359.65
589 634 1633956.01 -5104813.93 0.405 -0.914 278.18 378.11
589 636 5708131.56 -3131986.64 0.705 -0.709 267.98 375.63
589 636 13059662.81 -3624990.38 0.997 -0.082 265.57 370.55
589 651 -12976472.22 1132144.51 -0.979 -0.203 285.37 371.48
681 682 1481448.62 -1140370.19 0.915 -0.403 449.23 380.44
681 702 1438830.76 -3230539.46 0.092 -0.996 453.09 390.73
681 718 -1533073.78 -340555.85 -0.835 -0.551 465.27 387.90
682 715 548154.06 856617.76 0.605 0.796 433.12 375.28
682 743 933294.51 -1283681.19 0.446 -0.895 438.66 390.23
683 700 245842.89 167749.29 0.741 0.672 340.71 392.37
745 746 1652875.57 -3005053.26 0.411 -0.912 435.81 424.04
745 778 -786074.89 -184700.24 -0.883 -0.469 448.19 421.73
746 756 -419692.78 -608664.03 -0.754 -0.657 438.18 432.76
746 756 -839385.55 -1217328.06 -0.754 -0.657 438.18 432.76
746 777 2219100.09 -2195441.61 0.672 -0.741 423.46 436.51
748 776 1550110.75 -2885352.55 0.666 -0.746 483.76 431.47
748 822 -3281852.43 -5372745.31 -0.807 -0.591 499.26 432.72
748 822 -3336836.39 -5490624.57 -0.257 -0.966 495.11 435.47
749 762 1072194.03 -2031693.08 0.099 -0.995 590.97 418.41
749 762 243272.16 -3187639.53 -0.797 -0.604 586.51 419.51
810 811 -476551.78 -571703.36 -0.600 -0.800 147.36 466.86
810 873 -582187.70 18685.28 -0.959 -0.285 156.81 459.62
810 890 569360.68 -830855.88 0.234 -0.972 141.82 466.18
811 871 21958.14 -211081.28 0.262 -0.965 146.75 482.55
811 873 -498509.91 338525.65 -0.640 0.768 158.10 467.40
812 813 1217555.94 -384830.76 0.999 -0.039 192.10 431.31
814 872 87094.36 -663281.80 0.228 -0.974 114.10 469.44
814 890 -591318.40 -370265.52 -0.855 -0.519 124.37 469.18
892 894 -630126.38 110506.60 -0.963 0.271 456.30 511.03
892 895 -29139.35 296547.83 -0.274 0.962 443.52 505.25
894 895 154572.43 39177.03 0.990 0.139 453.23 501.51
894 896 -688784.65 421388.70 -0.936 0.351 471.31 505.40
894 897 -95914.16 359975.20 -0.103 0.995 463.04 494.04
66 79 4604097.28 -6326445.90 0.876 -0.483 244.81 24.07
67 84 -922683.04 -3985486.45 0.106 -0.994 349.61 50.83
68 83 2453750.32 -79610.41 0.999 -0.051 319.07 58.64
68 84 -1356235.50 -133608.56 -0.904 -0.429 338.41 56.70
68 143 -75612.84 -1078686.31 0.222 -0.975 332.52 65.88
68 143 -217162.48 -1154846.36 -0.761 -0.649 328.37 67.67
69 70 1155741.17 -767472.63 0.924 -0.382 386.90 60.72
69 85 -1155742.23 1443680.34 -0.643 0.766 399.80 50.09
155 185 356631.79 147942.51 0.726 0.687 304.31 112.04
155 188 -356632.44 594703.52 -0.471 0.882 319.75 105.65
157 184 -5074033.41 -15074110.35 -0.361 -0.932 263.99 97.50
158 174 2798339.78 -403449.72 0.925 -0.380 376.86 112.87
158 174 11920576.62 -5692132.64 0.571 -0.821 375.21 106.01
158 191 -4760770.10 -3946167.88 -0.672 -0.740 390.32 113.51
159 177 7059819.32 10244176.97 0.526 0.850 461.29 101.51
159 207 -7059705.54 -9556907.16 -0.633 -0.774 472.90 117.78
241 256 2923416.17 -11332740.29 -0.116 -0.993 76.78 122.27
241 287 16325954.98 -20589242.94 0.627 -0.779 67.35 121.96
242 243 -24228801.44 7735864.94 -0.974 0.229 132.26 146.92
242 243 -18049108.92 34097618.58 -0.145 0.989 135.88 148.74
242 286 18049108.86 -33400400.38 0.672 -0.740 127.02 161.46
243 258 -15482523.73 124905.55 -1.000 -0.002 146.12 140.34
243 271 -20812997.48 -24178680.17 -0.771 -0.637 139.15 147.93
244 257 -10665660.11 -19009068.79 -0.523 -0.852 176.09 135.14
244 259 -623088.11 -221979.41 -0.849 -0.528 180.88 131.16
325 369 -422007.98 -2051095.39 -0.208 -0.978 311.04 220.24
326 327 48951658.42 -14963119.96 0.990 -0.139 437.86 169.43
326 328 -44877693.38 33026132.16 -0.597 0.803 450.70 160.77
326 368 10594924.69 -17372296.33 0.546 -0.838 441.56 177.17
326 371 -14668889.91 -7933.97 -0.945 -0.326 452.85 177.46
327 353 15127245.09 -34479440.40 0.430 -0.903 427.97 181.02
329 356 38619763.99 -5990153.92 0.865 -0.501 582.62 152.94
329 358 -11702500.97 -17685550.29 -0.169 -0.986 587.63 157.14
397 460 -2869370.93 -729961.45 -0.879 -0.477 366.60 253.08
397 460 -6721947.17 -5393027.24 -0.304 -0.953 362.50 255.78
397 474 10427084.75 -11506561.55 0.484 -0.875 353.26 252.32
398 399 -1631570.40 8204457.72 0.067 0.998 325.09 249.43
398 428 -11126998.11 -4955670.38 -0.800 -0.600 332.52 264.44
398 458 12758568.38 -2554917.12 0.969 -0.247 315.05 261.69
465 484 2449029.17 1974294.52 0.943 0.334 64.01 269.92
465 495 -1834258.09 258117.97 -0.970 -0.243 79.78 278.52
465 495 -3008356.10 -335301.03 -0.682 -0.731 82.22 273.58
465 527 559326.91 -914494.26 0.252 -0.968 66.48 277.16
467 525 10383093.10 -21870475.71 0.640 -0.768 103.69 259.03
468 571 2927861.94 -17649296.74 -0.223 -0.975 13.66 254.11
469 526 15857746.88 16560461.89 0.758 0.653 145.77 280.87
469 556 148116.92 -340190.83 0.500 -0.866 144.02 298.15
469 564 -9159190.94 -9743732.80 -0.780 -0.626 158.40 291.29
469 564 -16005863.75 -15509712.15 -0.841 -0.541 156.31 294.42
561 563 5851928.10 9903521.48 0.475 0.880 181.68 321.76
561 646 5049849.63 -3581692.28 0.938 -0.348 178.87 339.68
561 710 -10901777.57 -5615480.46 -0.774 -0.634 191.90 334.54
562 564 -56239.81 5343411.07 -0.348 0.937 157.67 302.90
562 575 668818.36 -346827.09 0.849 -0.529 149.88 319.68
562 604 -612578.43 -4303052.71 -0.533 -0.846 158.75 319.70
563 564 5851928.21 10640183.50 0.200 0.980 171.71 304.55
625 652 1213915.80 -2186090.30 0.254 -0.967 299.03 348.71
626 627 -434824.69 3354049.80 -0.071 0.998 568.04 305.64
626 627 -350291.07 4092028.23 0.049 0.999 572.29 303.06
626 629 -3483434.01 -44729.36 -0.990 0.139 580.61 310.91
626 656 -202513.00 -2067268.58 -0.211 -0.977 572.74 322.89
628 629 -7185151.72 -11527748.01 -0.579 -0.816 589.22 299.82
629 659 683436.02 -10187848.32 0.030 -1.000 591.54 318.72
675 691 1091756.71 -6445243.58 0.061 -0.998 27.28 377.32
676 694 -1199444.91 640556.52 -0.930 0.367 177.13 358.86
676 705 -4165101.10 -5086689.13 -0.572 -0.820 174.22 370.43
677 692 -551881.94 -1575881.97 -0.233 -0.973 63.32 368.27
678 693 850046.56 -465592.49 0.786 -0.618 122.52 362.98
678 706 -2473765.97 -2438617.56 -0.732 -0.681 137.49 364.32
678 706 -186537.52 -7466612.72 0.234 -0.972 132.09 365.92
679 728 3309355.21 -5220594.03 0.652 -0.758 235.87 377.69
750 768 -369620.84 4415880.97 -0.084 0.997 127.42 399.83
751 766 -64606.95 -758979.75 0.000 -1.000 106.60 418.91
751 855 56754.96 -23387.42 0.927 -0.374 101.05 413.95
753 771 -565464.81 679544.66 -0.838 0.545 154.78 431.73
753 782 346236.97 1054358.60 0.583 0.812 147.44 428.47
753 810 219227.73 -1043041.44 0.076 -0.997 148.80 447.72
754 798 307901.29 -457491.40 0.339 -0.941 239.31 414.95
820 821 -20746.91 -3121593.24 0.122 -0.993 478.39 458.66
821 836 817976.43 -982072.58 0.883 -0.469 470.53 466.91
823 837 636393.81 -1613311.18 0.330 -0.944 501.97 486.48
823 868 -683280.50 -510387.04 -0.684 -0.730 510.04 478.37
823 868 -1263164.21 -952765.23 -0.698 -0.716 507.75 484.40
860 862 834584.68 -936419.15 0.310 -0.951 296.88 489.20
860 862 1794591.61 -686076.75 0.990 -0.142 293.78 485.23
860 863 -843029.41 -133534.07 -0.897 -0.442 308.79 489.12
861 862 -29333.80 72027.46 -0.397 0.918 281.73 499.14
861 888 29333.73 645139.25 0.076 0.997 272.91 495.02
862 888 1765257.87 75511.97 0.994 0.111 278.25 490.61
864 865 -1329201.74 157407.21 -0.990 0.139 419.30 489.65
864 875 363039.76 -893124.64 0.074 -0.997 404.53 501.52
0 1 -10150212.55 -5229599.11 -0.640 -0.769 34.51 12.03
0 1 -15404597.31 -4951911.75 -0.941 0.338 34.03 16.17
0 106 15404597.28 5676516.87 0.919 0.395 17.76 7.62
1 15 -15118100.64 9657630.93 -0.926 0.377 52.32 13.17
1 90 -286496.69 -13908620.29 0.084 -0.996 46.35 23.34
2 3 -63840.00 11191.18 -0.996 0.089 109.07 9.80
2 17 -25786661.17 -95271518.19 -0.602 -0.798 99.70 18.72
2 30 7820665.76 96966.44 0.999 -0.048 89.90 8.29
4 48 8680858.26 -29262787.38 0.589 -0.808 169.60 18.69
80 96 7553176.12 -5210364.08 0.885 -0.466 263.43 27.70
80 99 -5334595.80 -20783845.42 -0.340 -0.940 277.57 32.68
80 99 -18131675.90 -45902903.50 -0.337 -0.941 269.99 32.18
81 82 3551912.62 1660964.45 0.875 0.484 311.85 44.22
81 82 9994109.33 -952725.77 0.883 -0.469 312.40 41.21
82 98 6178516.66 -4049305.24 0.689 -0.725 299.95 50.08
83 98 2815808.37 1396094.86 0.820 0.572 300.23 54.43
83 112 -362058.22 -760986.20 -0.398 -0.918 313.12 67.24
84 127 -508090.03 -1134366.52 -0.543 -0.840 352.51 68.77
84 128 -1770828.79 -2280065.26 -0.870 -0.492 356.74 61.07
161 238 -24016970.48 -38749878.89 -0.564 -0.826 493.33 113.40
163 194 -7194659.92 3389032.77 -0.967 0.256 554.09 74.52
163 209 -35268011.40 -20204335.95 -0.968 -0.251 556.35 82.61
164 178 2856475.52 -23929734.16 -0.015 -1.000 507.08 96.41
220 251 -81343.06 -1332444.80 0.040 -0.999 379.68 139.32
221 251 1523440.49 739741.59 0.990 0.140 388.47 149.81
221 281 -448430.63 -1836743.20 -0.075 -0.997 398.00 157.68
222 254 -21750550.18 -12994967.33 -0.959 -0.283 581.27 110.16
222 297 68209.32 -9406997.64 0.269 -0.963 577.02 112.94
223 237 -4098833.75 -1039470.48 -0.986 -0.166 444.10 115.82
224 254 -2117795.74 -7738231.72 -0.058 -0.998 590.76 102.70
290 318 -2793147.83 -13476042.97 0.205 -0.979 215.65 165.64
290 318 -20965075.05 -22266037.20 -0.733 -0.680 210.10 168.55
291 306 -16302550.76 -12268662.86 -0.742 -0.670 236.16 180.64
291 318 25324208.84 3758370.02 0.996 -0.092 227.03 173.99
292 318 10752951.89 12357661.51 0.698 0.716 220.76 182.38
292 320 -10752951.79 -11636302.98 -0.706 -0.708 233.78 196.87
293 320 -507444.19 311512.74 -0.854 0.520 233.33 210.02
293 348 507444.21 395704.28 0.940 0.341 214.59 208.02
375 422 6056414.28 -32834224.37 0.312 -0.950 10.73 180.06
376 408 4833546.85 -2675674.37 0.756 -0.655 180.74 217.37
378 411 -251481.83 -159276.21 -0.910 -0.415 250.70 263.74
378 411 -584125.49 -645566.58 -0.378 -0.926 248.85 265.52
378 443 183869.91 -220631.68 0.639 -0.770 235.61 268.54
379 405 615711.04 -111059.65 0.995 0.105 58.47 179.11
435 437 -1560751.16 318118.58 -0.998 0.055 35.50 248.60
435 437 -4522815.30 -400107.49 -0.806 -0.591 34.15 254.08
435 451 -128146.94 -664857.45 -0.193 -0.981 28.81 258.44
435 468 4459633.20 832807.08 0.849 0.528 16.85 250.60
436 450 2049260.79 20187404.98 0.286 0.958 11.40 217.37
436 468 -1463753.76 -15788365.50 0.344 -0.939 14.19 236.83
436 468 -1531771.27 -19179656.92 -0.037 -0.999 7.81 235.39
437 451 128146.88 -79870.99 0.756 -0.655 36.70 260.58
437 454 -2401455.08 3449016.10 -0.812 0.583 51.41 247.57
437 484 -2176078.06 -2953079.19 -0.875 -0.483 51.34 257.51
437 484 -2249507.05 -3070540.03 -0.328 -0.945 48.96 260.39
438 450 22542327.52 6640420.22 0.949 0.315 17.95 212.38
438 453 -22868487.78 -4610468.71 -0.987 -0.158 37.23 217.47
439 467 5879535.18 -43275728.80 0.194 -0.981 112.73 242.06
540 558 -9022875.32 -17351049.89 -0.485 -0.874 119.78 314.55
540 559 5899805.77 4184845.08 0.680 0.734 107.80 301.96
540 559 9022875.33 18067941.41 0.349 0.937 113.66 295.94
541 542 4848050.95 5124168.94 0.649 0.761 18.56 279.99
542 571 -3967172.01 8083712.32 -0.244 0.970 10.16 273.17
542 571 -2927861.91 16917245.55 0.149 0.989 10.80 273.24
543 556 -24379.60 -34418.27 -0.638 -0.770 127.76 296.72
543 556 -123737.22 -343887.85 -0.287 -0.958 128.33 296.45
543 556 -148116.83 -378306.12 -0.638 -0.770 127.76 296.72
543 557 770661.76 522573.29 0.827 0.562 118.29 279.78
544 564 4953496.11 2580993.42 0.941 0.338 174.65 301.78
544 564 10210175.24 -1170787.90 0.935 -0.354 175.17 296.25
544 579 -345183.92 -340392.58 -0.593 -0.805 187.22 307.19
635 651 4304191.41 -1126999.04 0.839 -0.543 302.73 369.55
635 651 12662121.25 -6619011.98 0.573 -0.819 300.67 364.57
635 652 6789699.61 1883704.30 0.864 0.504 300.07 357.40
635 667 -4693559.05 -7488145.08 -0.632 -0.775 309.65 371.00
636 679 6378782.57 -218642.22 0.903 -0.430 250.75 374.09
636 679 10475438.94 2363174.33 0.761 0.648 251.54 370.60
637 639 -1649084.16 -681416.55 -0.999 -0.047 338.00 367.55
637 667 237366.42 -154824.18 0.830 -0.558 324.66 373.56
638 715 900636.44 -6608766.22 0.091 -0.996 432.74 356.24
639 668 -5989413.08 1986370.22 -0.999 0.049 354.29 374.78
639 700 4340329.03 -1938956.81 0.773 -0.635 341.42 382.40
711 739 -2229541.66 -7157601.10 -0.073 -0.997 156.62 387.14
712 723 7545841.56 -1796388.87 0.945 -0.326 196.35 389.09
712 724 -1603038.74 -2995509.37 -0.140 -0.990 213.94 392.23
713 730 -1666329.79 568611.35 -0.945 0.328 400.39 394.21
714 715 -4434391.13 6262506.61 -0.860 0.510 427.44 374.35
714 730 303655.22 -5022492.19 -0.323 -0.946 415.89 389.49
714 730 4568584.31 -6579388.45 0.803 -0.596 412.36 387.26
714 743 -1088550.42 -2821091.85 -0.419 -0.908 425.11 389.15
790 791 -193475.37 2428533.12 0.262 0.965 401.25 441.39
790 792 -840891.53 -1293705.98 -0.776 -0.631 403.98 454.01
790 804 728227.03 -1218628.43 0.272 -0.962 393.63 458.61
792 847 107209.01 -425849.49 0.169 -0.986 414.88 469.51
792 847 152530.49 -2810960.38 -0.277 -0.961 405.56 467.60
793 849 169863.23 -2749456.99 0.461 -0.887 429.81 459.17
845 888 -192401.82 -890205.72 -0.583 -0.813 262.44 478.57
846 863 47409.61 -137075.40 0.398 -0.917 322.12 491.24
846 863 843029.38 -577748.79 0.740 -0.672 316.19 487.52
847 864 -966161.98 -1481169.16 -0.443 -0.897 407.21 486.23
847 882 1118692.60 -635814.06 0.896 -0.445 403.72 483.95
848 888 1055420.67 -425402.31 0.693 -0.721 276.58 477.75
849 865 669935.65 -1917036.81 0.032 -0.999 428.01 478.56
849 881 -500072.36 -122429.73 -0.997 -0.072 433.36 476.30
30 31 -6449096.88 -19777953.31 -0.429 -0.904 79.47 19.26
31 60 -6518769.62 -18732660.14 -0.550 -0.835 85.49 36.83
31 61 69672.73 -323235.11 0.286 -0.958 78.11 37.59
33 48 12213532.32 574988.43 0.954 -0.300 172.96 23.39
34 35 6742993.51 -2332140.22 0.767 -0.642 199.68 45.14
34 109 -17913632.20 -4636391.27 -0.954 -0.300 219.47 42.37
34 122 224433.01 -1320953.43 0.263 -0.965 209.62 52.72
111 126 -12476723.31 -23811108.40 -0.198 -0.980 297.61 80.99
111 126 -15020380.22 -35411344.34 -0.206 -0.979 296.98 81.12
111 141 309965.43 -39884.20 0.983 -0.183 286.41 73.78
112 143 -362058.49 -52151.15 -0.993 -0.115 327.85 79.45
113 129 -4732227.01 1828840.30 -0.901 0.434 380.87 89.27
113 172 3345169.49 82375.05 0.952 -0.305 365.97 96.09
113 172 4732225.96 -1105000.80 0.659 -0.752 363.13 92.03
186 217 6791553.55 -6420292.23 0.647 -0.763 251.08 115.53
187 199 835140.90 -347043.96 0.854 -0.520 271.41 126.17
187 232 -2594145.78 -1774687.12 -0.702 -0.712 287.91 126.02
187 260 48355.89 -604438.13 -0.277 -0.961 277.05 129.46
188 189 -26846866.24 -17681675.30 -0.901 -0.435 328.18 101.22
189 190 -12738042.54 378217.12 -0.984 -0.177 341.39 115.15
189 219 4252864.77 -45311666.38 0.271 -0.963 336.99 117.66
250 265 -39857718.87 5695466.55 -0.931 0.366 367.02 171.47
252 284 -4754677.47 -7190282.20 -0.821 -0.570 466.77 144.21
253 267 -48592784.70 -26859497.14 -0.923 -0.385 498.02 135.25
253 284 66640618.06 -56005349.03 0.808 -0.590 479.69 142.06
253 299 -110449.19 -660598.83 -0.049 -0.999 489.08 148.30
254 298 875603.18 -1227493.23 0.652 -0.759 591.65 121.27
254 298 -3364448.93 -20959485.37 -0.411 -0.911 586.57 120.34
310 324 -13214002.09 2422031.04 -0.982 -0.191 369.38 201.77
310 339 -10343977.62 -8270075.81 -0.920 -0.392 368.28 207.35
311 313 -15934049.79 -24998483.30 -0.444 -0.896 525.36 160.51
311 314 -28280507.29 -5887695.16 -0.922 -0.386 529.93 151.58
311 341 1259395.38 -1836843.87 0.607 -0.795 513.70 159.62
313 343 -5813652.80 -19966933.53 -0.499 -0.866 534.44 177.78
313 388 587557.17 -1064510.79 0.477 -0.879 523.42 174.84
313 417 -10707953.75 -3275448.71 -1.000 0.018 537.61 172.65
314 355 -14483397.25 -8193166.58 -0.714 -0.700 548.42 153.92
314 355 -28280507.04 -5181115.01 -0.961 0.276 545.98 157.06
400 431 145894.63 -354628.43 0.500 -0.866 431.94 214.52
400 431 291789.26 -709256.86 0.500 -0.866 431.94 214.52
400 446 -1330111.53 652539.18 -0.986 0.169 442.24 199.79
401 415 -142016.26 -780020.00 -0.024 -1.000 496.01 205.90
401 415 -344817.23 -859487.17 -0.951 -0.310 491.58 207.84
401 415 -1014057.70 -1828289.48 -0.718 -0.696 490.56 210.11
402 404 1943873.77 -12725210.15 0.170 -0.985 530.33 213.52
402 448 12302377.91 -19119557.67 0.703 -0.711 523.39 210.50
403 417 372918.47 563.11 0.971 0.239 556.60 170.59
404 478 1943873.45 -12043604.54 0.280 -0.960 528.00 226.11
485 511 -429450.12 121114.61 -0.861 0.508 76.33 253.49
488 490 18924277.02 21233927.62 0.733 0.681 441.19 252.46
488 505 -18924277.50 -20525534.62 -0.538 -0.843 454.56 267.23
489 500 13919140.79 -24012439.44 0.664 -0.748 381.03 294.02
489 516 -9837137.42 -8353970.02 -0.799 -0.601 398.34 287.31
489 517 -102219.68 -816765.89 -0.140 -0.990 392.44 295.16
555 572 -436612.02 998287.46 -0.195 0.981 24.59 329.69
555 587 70012.94 -733812.24 0.022 -1.000 10.56 342.73
555 601 5383019.47 11012780.19 0.304 0.953 12.40 327.08
555 645 -5016420.31 -10588190.95 -0.444 -0.896 21.55 344.30
557 559 3795927.09 -32638341.81 0.426 -0.905 106.79 282.84
557 559 3979592.19 -33219055.66 0.157 -0.988 106.16 282.62
558 574 400865.95 -560854.42 0.415 -0.910 118.98 325.63
558 575 -1959577.74 -1796756.15 -0.864 -0.504 135.94 320.37
558 602 -7464163.41 -14286339.81 -0.541 -0.841 126.24 330.48
559 631 3972669.75 -4370167.92 0.679 -0.734 103.68 301.50
559 631 8780906.65 -21849223.42 0.573 -0.819 97.07 299.58
640 655 1972793.64 -449750.42 0.999 0.041 519.88 366.06
640 685 369970.22 -2093908.19 -0.238 -0.971 531.43 376.42
642 657 2902245.02 -8407872.03 0.572 -0.821 588.09 356.26
642 657 2952387.38 -9153026.46 0.078 -0.997 583.00 351.62
642 659 -196011.04 9506668.27 0.037 0.999 590.65 336.64
643 644 -173701.56 2025464.29 0.202 0.979 574.84 392.68
643 673 616033.67 -315558.43 0.995 -0.104 564.13 407.28
643 674 588080.20 -3421326.82 0.251 -0.968 573.77 411.85
643 689 -1717461.04 1989466.53 -0.900 0.435 580.58 396.94
643 716 687048.52 423372.52 0.933 0.360 564.43 396.63
644 671 697355.47 1831227.01 0.699 0.715 569.55 374.15
644 672 -871057.05 914026.49 -0.908 0.419 582.31 379.65
730 742 2902254.52 -5302406.81 0.540 -0.842 405.82 404.59
731 790 -153069.96 -390462.30 -0.505 -0.863 390.62 440.15
731 790 -306139.93 -780924.60 -0.505 -0.863 390.62 440.15
731 791 -1118072.32 680025.84 -0.903 0.431 391.44 436.04
733 742 689935.17 -127415.88 0.952 -0.307 409.96 416.20
733 743 -416774.10 1976023.35 -0.524 0.852 425.28 404.49
733 746 -273161.16 -1136432.76 -0.354 -0.935 426.88 418.49
734 806 -1977754.89 -1577983.26 -0.726 -0.688 522.91 456.13
734 822 1977754.99 2295647.89 0.592 0.806 510.34 444.22
825 827 3187224.69 2120430.38 0.732 0.681 83.43 435.41
825 831 -537316.33 -1289084.96 -0.405 -0.915 90.27 446.96
826 828 930815.33 908731.17 0.683 0.731 12.93 443.43
826 842 -819082.79 277795.45 -0.750 0.661 30.12 448.81
826 885 -111732.44 -468599.20 -0.384 -0.923 24.37 458.91
827 858 189956.15 -1184811.65 -0.084 -0.996 78.98 437.53
828 840 345939.74 1645700.58 0.162 0.987 5.45 425.40
829 840 1040865.75 213771.70 0.816 0.579 16.02 422.44
10 55 12028268.04 -377954.19 1.000 -0.001 431.86 11.34
10 72 -16936963.67 -45539868.27 -0.452 -0.892 445.44 19.12
11 40 -119847.12 -24761786.81 0.077 -0.997 408.88 17.26
11 40 12847895.36 -79227328.79 0.441 -0.898 401.61 19.49
11 55 -7240180.92 5027744.16 -0.930 0.366 413.89 9.12
11 55 -12742015.87 -1944849.31 -0.845 -0.535 413.77 13.31
12 28 -2498438.89 -1567884.32 -0.984 -0.177 524.91 10.00
12 42 -1692960.40 -95200466.51 0.040 -0.999 514.59 19.59
13 14 78667.87 -108544.42 0.707 -0.707 563.49 16.61
14 27 -91696.79 981120.41 -0.012 1.000 557.49 17.58
14 27 1350017.34 2301585.31 0.684 0.730 551.66 18.71
14 44 -1432575.08 -656715.42 -0.880 -0.475 567.14 29.68
14 104 161225.78 -1044541.19 0.226 -0.974 556.31 35.26
95 138 -104910.51 1655310.65 -0.226 0.974 212.53 68.00
95 170 291829.55 -304465.56 0.493 -0.870 203.53 84.93
95 200 -523894.15 -838170.26 -0.562 -0.827 215.62 85.16
96 97 2833579.38 -4752656.62 0.269 -0.963 255.52 40.43
97 156 2833579.09 -4048027.03 0.795 -0.607 247.02 52.41
98 99 23704739.34 34247142.86 0.519 0.855 282.27 48.57
98 111 -14710414.47 -36171312.64 -0.000 -1.000 290.27 63.73
99 125 5573063.37 -10930751.90 0.333 -0.943 272.08 49.22
175 177 -25141125.00 21956920.59 -0.905 0.425 455.88 99.80
175 223 20240904.44 -24691345.87 0.764 -0.645 442.89 112.35
175 237 -655844.17 -7581379.50 0.129 -0.992 450.21 112.93
176 193 5053807.54 3237096.49 0.932 0.363 546.61 102.05
176 208 9562258.92 -25383687.52 0.246 -0.969 551.97 114.91
176 209 -14616066.42 22838699.21 -0.424 0.906 561.17 97.46
178 192 -6125982.87 -438960.12 -1.000 0.014 516.32 103.87
178 192 -46157486.08 14186702.31 -0.936 0.352 513.15 111.57
178 238 49013961.43 -37394630.05 0.871 -0.492 502.48 114.98
179 192 19437268.86 -32303837.16 0.196 -0.981 520.41 100.01
179 193 -5053807.37 -3957079.07 -0.738 -0.675 530.52 90.64
262 280 -27164635.23 -1867843.24 -0.993 0.117 322.58 172.70
263 322 -708359.92 -403502.08 -0.705 -0.709 300.63 185.27
263 322 -1349499.53 -760686.10 -0.743 -0.669 300.20 185.74
263 336 6635966.70 -5717111.19 0.915 -0.402 289.01 189.40
263 336 7302360.06 -8461397.51 0.476 -0.879 285.64 185.92
264 269 -12576949.00 15219131.76 -0.693 0.721 411.95 172.83
264 281 3139851.60 1790177.15 0.944 0.329 398.02 173.32
264 309 9437097.42 -16304960.65 0.561 -0.828 401.34 188.85
350 360 -26997913.31 -14129747.79 -0.996 -0.095 112.59 191.73
350 364 403665.77 -913557.88 0.446 -0.895 102.00 194.64
351 376 5480524.93 17135508.70 0.317 0.948 185.32 220.43
351 394 -12434512.01 -9284276.20 -0.752 -0.659 197.53 230.02
351 408 8704153.45 1937612.61 0.878 0.479 181.00 222.76
351 424 -1750166.42 -9079872.93 -0.187 -0.982 186.16 239.02
352 387 -18942504.54 -13730098.14 -0.933 -0.361 398.54 221.99
353 368 -12837028.77 10736107.29 -0.738 0.675 431.20 186.77
353 372 16596882.92 -36681185.33 0.698 -0.716 421.94 197.39
353 372 29002595.87 -43794124.03 0.799 -0.601 415.28 194.61
353 400 -1038322.14 -735102.92 -0.592 -0.806 427.82 197.62
354 367 -6916735.31 -5411444.57 -0.906 -0.423 351.49 223.68
354 386 6652116.54 -1295965.45 0.996 0.088 340.30 223.65
433 445 8310973.83 -18882170.18 0.295 -0.955 478.92 236.84
433 492 7935246.02 18751410.92 0.313 0.950 478.33 226.06
433 493 1377065.33 -201095.59 0.925 -0.381 475.73 232.52
434 463 17735152.48 7566906.03 0.991 0.131 581.92 231.80
434 464 -7744187.97 -13929142.98 -0.467 -0.884 589.87 240.51
490 491 10704712.89 13429770.06 0.475 0.880 425.78 244.45
490 491 21794713.63 13845541.96 0.983 -0.184 426.83 239.79
494 504 329076.81 817733.16 0.521 0.854 567.44 250.33
494 524 -329076.77 -101694.97 -0.985 -0.171 580.26 265.80
535 539 -14592125.15 12198084.54 -0.930 0.366 499.60 274.39
535 550 11632715.56 -1252212.04 0.990 -0.141 485.09 283.57
536 539 8037183.83 9024257.28 0.415 0.910 510.01 275.70
536 554 -8037183.84 -8320396.00 -0.895 -0.445 521.16 287.53
537 553 -1469361.20 415685.26 -0.897 0.442 492.07 311.49
537 553 -4588965.50 1293655.67 -0.798 0.603 491.98 319.64
537 569 3465503.73 -9833822.67 0.360 -0.933 480.95 324.20
538 554 4284953.38 -5386018.68 0.666 -0.746 537.64 287.59
538 554 11335206.68 -13816470.87 0.683 -0.731 530.35 284.00
538 611 -274815.88 -248834.21 -0.677 -0.736 543.80 286.10
610 653 -21414.31 -3097462.22 -0.033 -0.999 485.33 353.65
610 653 -973712.83 -18219849.07 0.024 -1.000 478.37 350.95
610 654 -9396305.60 -6719467.18 -0.848 -0.530 491.85 349.87
612 626 -4036238.08 1268859.38 -0.943 0.332 562.30 310.65
613 614 3187900.53 6504768.58 0.635 0.773 536.93 354.56
613 640 2245422.20 -2810783.64 0.758 -0.652 536.14 359.54
613 670 -364466.50 -1845695.36 0.056 -0.998 545.41 368.36
613 671 -5068856.53 -1126136.63 -0.912 -0.409 553.79 363.37
614 624 3668791.87 859832.61 0.853 0.522 522.69 341.50
614 640 97341.95 -440138.11 0.102 -0.995 530.97 357.29
614 641 -578233.31 6807753.43 0.317 0.948 532.04 338.90
701 747 -6115529.99 -2787509.63 -0.766 -0.643 374.69 409.44
702 745 1438830.77 -2504706.17 0.751 -0.661 444.37 406.49
703 719 -2125632.46 -9991414.34 0.129 -0.992 486.62 399.99
704 732 3962672.06 9963285.87 0.353 0.936 523.58 410.43
704 761 -287265.24 -1223705.24 -0.350 -0.937 526.42 428.71
704 761 -1051001.27 -3041624.19 -0.034 -0.999 525.82 428.87
704 763 -4535096.02 -3813403.74 -0.775 -0.632 535.04 418.76
771 813 -1689709.69 -346395.27 -1.000 -0.002 174.31 427.79
771 813 -4623755.74 -1969661.20 -0.871 -0.492 173.19 432.64
771 815 -123799.32 -2382831.53 -0.260 -0.966 167.47 438.05
772 803 -781800.13 -873869.18 -0.702 -0.712 336.01 466.81
772 818 -3572480.44 1543758.59 -0.994 0.111 338.17 462.59
772 846 107953.44 -1311526.94 0.032 -1.000 327.94 472.15
773 821 891114.09 -209452.74 0.995 -0.097 489.13 463.92
773 822 -264343.87 4179990.58 -0.325 0.946 501.18 450.94
773 823 -626770.37 -3267482.98 -0.113 -0.994 502.53 468.90
774 788 703012.93 3391912.46 0.272 0.962 361.77 456.55
774 819 -420986.17 -1222300.88 -0.498 -0.867 373.20 468.79
774 833 -282026.51 -1472482.90 -0.058 -0.998 358.25 473.95
870 876 -312801.45 -36102.48 -0.999 0.038 206.54 483.14
870 876 -460176.90 -267499.24 -0.452 -0.892 204.61 486.32
871 890 21957.85 481666.06 0.348 0.938 137.00 480.38
872 889 87094.41 60294.32 0.868 0.497 102.17 477.86
873 886 -193086.71 -350376.89 -0.421 -0.907 170.97 470.63
873 886 -77735.77 -588986.99 0.321 -0.947 165.52 472.12
874 876 370921.10 -477851.44 0.535 -0.845 218.29 481.16
60 62 -8151449.21 -62791676.24 -0.381 -0.925 100.35 46.66
60 93 14228661.86 -19326840.06 0.708 -0.706 85.98 47.68
61 75 69672.73 382080.68 0.277 0.961 63.26 35.95
62 107 -11519666.70 -41566571.93 0.089 -0.996 105.57 65.06
62 152 3368217.42 -20502611.04 0.466 -0.885 97.12 64.27
63 121 -9595836.37 -17685701.56 -0.660 -0.752 150.22 67.88
63 137 19438437.84 -9183994.23 0.896 -0.444 140.15 67.34
64 94 -1689831.92 -1234340.10 -0.704 -0.710 164.88 68.20
64 110 -171146.72 -145462.38 -0.815 -0.580 173.14 58.52
64 121 2496785.30 -2943328.72 0.731 -0.683 160.17 68.56
145 172 -4732225.25 367901.02 -0.955 -0.297 347.57 97.07
145 188 5614799.72 164800.59 0.993 -0.121 329.13 93.53
145 189 18361689.17 -27956205.95 0.560 -0.829 338.43 101.42
146 147 -10327860.95 -5490405.64 -0.716 -0.698 476.26 83.94
146 147 -29412260.43 -31732366.81 -0.204 -0.979 474.01 85.01
146 177 18081309.01 -32910803.82 0.536 -0.844 466.13 83.78
147 161 -24016970.05 -39436502.15 -0.744 -0.669 485.10 100.10
148 194 6699243.21 -11673535.08 0.181 -0.983 565.74 62.03
149 162 -26579359.13 28043195.56 -0.651 0.759 585.82 70.25
149 209 4285030.61 -1263174.61 0.973 -0.232 570.97 81.73
149 209 28697154.41 -18900361.94 0.868 -0.497 570.80 81.13
149 224 -2117795.79 -8439790.17 -0.329 -0.944 586.02 83.89
235 250 -10390804.64 12747525.13 -0.747 0.665 357.31 176.92
235 279 10390804.61 -12030226.85 0.833 -0.553 346.01 190.47
236 282 958766.58 -768765.38 0.603 -0.798 442.45 146.96
236 328 -6951892.47 -2971435.65 -0.812 -0.583 449.33 147.36
237 252 -2449595.59 -1590327.72 -0.715 -0.699 460.83 126.18
237 252 -4754677.86 -7913954.45 -0.687 -0.726 455.64 129.69
238 253 11031614.69 -15308865.88 0.694 -0.720 496.65 130.69
238 253 24996991.05 -75398056.75 -0.075 -0.997 492.46 129.66
239 268 -207360.98 -596393.54 -0.484 -0.875 535.90 131.33
239 268 238878.81 -1363402.00 0.591 -0.806 531.23 129.77
331 346 33112990.66 43296340.17 0.382 0.924 73.96 153.59
331 379 615711.05 -845004.16 0.690 -0.724 73.65 169.52
332 334 -7627325.79 9382661.12 -0.742 0.670 137.90 193.80
332 334 -7680015.45 9656888.52 -0.020 1.000 141.73 195.47
332 360 20091265.91 1679108.48 0.975 0.221 128.41 199.27
332 365 -12485655.09 -7225824.52 -0.878 -0.478 146.02 207.83
332 380 74404.58 -3396545.24 0.124 -0.992 135.16 211.71
333 376 -8380576.26 -28637702.07 -0.332 -0.943 184.00 202.88
385 395 -369830.67 -204901.17 -0.956 -0.293 266.33 231.80
385 396 369830.77 922337.70 0.087 0.996 254.09 219.12
386 399 3882953.71 -9119032.00 0.281 -0.960 331.02 232.25
386 410 -3102073.31 -633146.24 -0.850 -0.526 335.89 230.17
387 431 -291789.34 -5198.07 -0.984 -0.177 418.23 224.45
387 491 -19030089.80 -25737414.58 -0.569 -0.823 412.45 231.53
388 430 175914.76 -264290.86 0.671 -0.741 513.49 191.15
389 417 4697702.48 19577228.38 0.268 0.963 550.96 181.09
389 432 -3339139.37 -212319.80 -0.995 0.096 565.41 193.12
460 472 817188.43 -681607.26 0.825 -0.565 362.75 266.87
461 490 -1007685.86 1384554.90 -0.603 0.798 434.21 253.71
461 506 -625813.68 -1029595.21 -0.752 -0.660 434.71 269.18
461 519 171766.69 -605311.46 0.117 -0.993 423.53 270.72
463 504 6549647.55 -14051891.97 0.698 -0.716 565.39 238.66
464 524 3126774.41 -10535959.84 0.623 -0.782 590.66 257.58
530 560 -881565.11 -914273.28 -0.739 -0.674 306.56 300.47
531 551 3300561.64 -1548382.09 0.765 -0.644 410.98 315.58
531 568 -13137698.82 -5408100.76 -0.891 -0.453 424.88 308.19
532 547 6647050.58 -6524974.78 0.882 -0.471 336.25 308.37
532 549 683466.64 -15731918.62 -0.222 -0.975 347.79 317.25
534 550 -7654260.53 1727083.54 -0.931 0.366 466.04 286.15
590 607 -2801011.77 -1268775.56 -0.999 -0.033 275.06 334.14
590 623 -9313950.31 -8698737.37 -0.828 -0.560 268.46 342.44
590 649 6288.23 -412669.22 0.247 -0.969 262.44 343.70
590 649 316197.59 -510126.74 0.926 -0.376 257.80 339.89
591 625 5342530.40 -5334986.74 0.561 -0.828 310.85 335.22
592 609 2678471.80 -3596147.13 0.313 -0.950 415.51 341.33
593 594 342762.05 1377517.63 0.116 0.993 376.50 337.83
593 684 -342761.88 -680391.72 -0.618 -0.786 383.93 355.26
660 675 -2036502.62 1577515.81 -0.718 0.696 16.45 370.48
661 693 -850046.58 -227650.78 -0.843 -0.539 108.26 364.16
661 752 -2039835.81 -7322848.92 -0.286 -0.958 103.03 373.30
662 675 2239706.76 191435.53 0.879 0.477 32.80 376.20
662 692 -1978647.71 -476134.17 -0.978 -0.208 51.71 379.04
662 795 -58595.03 -2114083.06 -0.275 -0.962 45.32 387.00
663 676 -1789114.68 516261.69 -0.926 0.378 159.00 357.95
663 676 -7356000.00 -181988.94 -0.943 -0.333 158.96 363.59
663 678 8580640.21 5480941.60 0.991 0.135 139.94 358.45
663 711 -2229541.69 -7878832.01 -0.365 -0.931 151.81 370.17
664 700 1183983.90 2376441.72 0.355 0.935 330.38 395.19
664 700 761831.98 3134519.59 -0.484 0.875 334.50 396.29
664 727 -784843.26 -1787627.98 -0.396 -0.918 338.17 406.16
664 729 23011.45 -661388.55 0.168 -0.986 327.87 414.35
780 781 2616600.44 -3579879.73 0.860 -0.511 69.23 418.01
780 827 598713.66 -1709391.82 -0.086 -0.996 79.54 418.47
780 855 -771405.94 -998873.90 -0.693 -0.721 84.28 410.31
781 816 1398346.18 -2243008.85 0.239 -0.971 59.91 427.70
781 827 -3595982.14 -2305336.87 -0.801 -0.599 68.30 423.63
783 810 -708606.48 -1076690.92 -0.853 -0.522 138.53 451.50
835 836 -722062.10 -809322.25 -0.772 -0.635 454.41 464.54
835 881 374639.08 -1585992.86 0.182 -0.983 446.12 466.88
836 897 59369.11 -852102.67 -0.218 -0.976 465.93 475.35
836 897 95914.33 -1061584.87 0.213 -0.977 460.29 475.93
837 880 159188.92 -157173.37 0.470 -0.882 500.13 505.05
837 880 0.02 -699348.66 -0.306 -0.952 495.58 503.34
837 896 636393.98 -199237.81 0.922 -0.387 489.96 499.22
838 868 1263164.10 -456034.87 0.931 -0.366 524.50 486.20
838 869 -1449423.56 -96102.52 -0.914 -0.405 543.64 482.40
838 891 -473039.02 -1312816.68 -0.457 -0.889 537.33 491.04
839 853 -464410.01 -273057.69 -0.871 -0.492 558.79 468.49
35 50 9209397.71 1600439.76 0.861 0.509 181.17 45.48
35 110 171146.81 -597287.37 -0.073 -0.997 187.28 51.84
35 122 -2637551.07 -2595831.76 -0.600 -0.800 198.06 51.04
36 80 3009347.73 537233.09 0.999 0.039 282.65 25.76
36 82 -3085858.66 -3207308.74 -0.340 -0.940 299.92 31.16
36 82 -3815592.49 -3798936.56 -0.751 -0.661 295.36 34.28
37 65 -25628.99 -22128.94 -0.839 -0.544 305.70 19.02
37 65 -129752.26 -472455.33 -0.359 -0.933 311.75 16.28
38 51 1287258.36 -6864447.75 0.576 -0.818 345.48 16.65
38 51 2558252.75 -9443751.78 0.654 -0.757 341.39 15.29
38 53 -195990.76 -450007.83 -0.559 -0.829 354.55 18.17
140 156 10292816.94 8038987.19 0.771 0.637 247.42 66.73
140 157 -4295540.83 -16678651.84 -0.256 -0.967 258.38 79.61
141 144 -114247.95 -168619.45 -0.659 -0.752 283.96 82.43
142 157 -778492.41 891007.54 -0.845 0.534 251.74 91.86
142 183 1004105.74 -2181634.49 0.675 -0.738 235.51 97.51
142 186 -357985.03 -758381.34 -0.696 -0.718 245.21 98.98
143 145 -579221.25 -490312.73 -0.743 -0.669 338.62 84.37
144 184 17327035.16 -14141680.97 0.631 -0.776 278.01 99.06
144 185 -356631.28 -875804.12 -0.575 -0.818 291.96 97.75
246 274 7856160.59 -7844934.42 0.411 -0.912 230.08 146.26
247 261 51400.88 143768.79 0.631 0.776 293.96 155.19
247 262 -27164635.10 -2611480.97 -0.945 -0.327 302.68 171.06
247 263 5952860.41 -9921086.31 0.246 -0.969 299.23 173.19
247 277 41290426.93 9934058.47 0.954 0.298 289.95 161.54
248 251 -1442097.12 -100186.11 -0.984 -0.176 369.70 145.51
249 250 4951497.03 11594621.88 0.528 0.849 363.61 177.09
249 324 76838.88 -405853.14 0.160 -0.987 373.06 192.99
249 324 -4951497.17 -10870650.96 -0.630 -0.777 370.62 193.42
345 347 -5396788.87 28920.80 -0.980 -0.199 36.13 165.22
345 375 3232558.22 -1155045.58 0.863 -0.505 17.11 165.82
345 390 -294040.37 -562993.06 -0.563 -0.826 31.57 171.65
347 390 308550.64 -158854.68 0.834 -0.552 36.42 172.96
347 405 -189924.47 -2503615.12 -0.337 -0.941 48.96 177.62
349 376 7733598.19 8132409.48 0.867 0.498 197.29 215.70
349 394 -315585.65 -6453359.84 -0.221 -0.975 202.53 227.41
426 443 -11278231.25 -14237036.21 -0.687 -0.727 228.54 270.50
426 473 6036663.98 -5384187.29 0.844 -0.537 212.39 266.68
427 466 402669.54 -454720.82 0.709 -0.705 197.87 265.93
427 473 -4425228.85 -8321963.14 -0.602 -0.799 202.54 267.01
428 471 5764236.77 2038946.63 0.935 0.356 327.05 274.18
428 472 -817188.47 -28010.80 -0.947 -0.322 344.98 273.09
428 474 -5213542.25 5391380.57 -0.837 0.547 341.00 265.60
428 474 -10427084.50 10782761.13 -0.837 0.547 341.00 265.60
428 501 -6843165.66 -6518798.18 -0.704 -0.710 341.81 280.32
428 501 -5646961.88 -17033967.45 0.025 -1.000 339.05 281.57
429 461 -1403062.19 -891896.08 -0.962 -0.274 421.03 256.36
429 461 -1461732.63 -955921.34 -0.636 -0.771 418.95 261.34
429 476 2250469.54 -1434101.19 0.619 -0.786 409.65 266.10
429 476 4226356.38 -9484693.42 0.156 -0.988 404.25 263.80
429 491 1738752.86 9385430.95 0.129 0.992 411.31 247.39
429 491 -2764623.79 11149219.15 -0.706 0.708 414.86 248.37
547 560 881565.26 186483.12 0.914 0.406 322.50 308.84
547 591 4259681.39 -4407464.42 0.756 -0.655 324.91 323.58
547 591 5765485.20 -6006112.86 0.744 -0.668 319.82 317.31
548 591 -422954.80 -68540.51 -0.998 0.069 305.91 325.29
549 576 14815691.15 -14178826.83 0.715 -0.699 340.90 330.58
549 578 -6225919.20 -8876879.95 -0.722 -0.691 356.93 334.63
630 647 160845.84 -1658822.11 0.365 -0.931 78.67 348.08
632 633 -2612926.87 -2286298.86 -0.833 -0.554 106.67 345.61
632 647 2699991.81 -7212149.03 0.704 -0.710 87.84 350.35
632 661 -365970.68 -6987857.97 0.009 -1.000 101.59 354.73
633 678 -2612927.10 -1583958.30 -0.906 -0.424 122.53 357.29
634 695 1025872.76 -2761937.34 0.415 -0.910 274.85 396.95
634 695 1633956.07 -4400909.20 0.510 -0.860 267.69 392.65
725 740 2293350.81 2187615.21 0.690 0.724 282.83 419.20
725 744 -2903731.86 -2385838.48 -0.872 -0.490 299.34 426.94
725 757 301927.14 -2462593.93 -0.249 -0.969 288.58 433.77
726 729 -23011.47 -44235.73 -0.507 -0.862 318.58 419.97
726 744 908926.32 -3387561.18 -0.077 -0.997 307.20 422.72
800 850 -237340.14 237016.93 -0.689 0.725 359.83 499.98
800 866 40484.72 300297.71 0.152 0.988 346.98 501.04
800 866 237340.17 452542.30 0.892 0.452 349.40 499.25
801 817 1096242.03 -1097705.73 0.434 -0.901 244.87 440.57
801 832 -714528.24 -1033326.16 -0.340 -0.941 257.04 440.62
801 832 -696096.50 -3534370.35 0.365 -0.931 251.83 442.12
802 832 1210933.61 160783.91 0.919 0.394 265.81 453.32
802 848 -80942.63 -196552.10 -0.447 -0.894 279.47 465.11
803 818 -515416.90 1456331.28 -0.310 0.951 340.43 465.77
803 833 -764118.59 -409209.95 -0.966 -0.259 348.04 482.57
803 846 491158.14 -4588.89 0.993 -0.116 331.84 474.94
803 846 735075.80 -29240.06 0.997 0.079 333.97 483.50
803 866 -385176.41 -474355.27 -0.309 -0.951 343.59 485.11
803 866 -237340.31 -1184634.55 0.465 -0.885 339.15 484.86
804 819 222738.80 -612322.01 0.256 -0.967 385.93 474.30
45 90 -3533918.62 -525272.41 -1.000 0.018 33.89 34.20
45 105 3533918.59 1224155.42 0.891 0.453 19.11 30.34
46 108 -34281928.04 -34790615.72 -0.721 -0.693 121.75 46.62
47 48 -5181447.03 418815.05 -0.983 0.185 154.06 25.72
47 49 -14443932.78 -8039209.29 -0.661 -0.750 147.86 36.11
47 77 14818360.28 -16618187.87 0.447 -0.894 140.10 35.68
48 49 15428407.87 -22073089.16 0.404 -0.915 159.25 35.08
48 50 284535.58 -5488677.76 -0.181 -0.983 169.72 33.81
49 50 -8858126.46 -1840864.63 -0.872 -0.490 161.88 43.54
49 63 9842601.47 -27579901.74 0.117 -0.993 151.73 52.82
135 181 -12350956.60 -5360321.38 -0.807 -0.590 12.24 70.90
135 181 -11638198.88 -56915647.71 0.103 -0.995 8.23 72.20
137 139 16952225.03 -16547136.45 0.472 -0.881 126.28 79.27
137 168 -16977355.15 -41967136.16 -0.347 -0.938 136.45 78.79
139 182 -21130997.62 -43833335.71 -0.121 -0.993 122.27 97.11
139 198 14256059.18 -18774249.29 0.712 -0.702 111.33 87.51
200 229 162027.56 -874685.34 0.186 -0.983 216.44 96.02
201 231 -173702.36 -6788113.90 -0.212 -0.977 262.08 145.03
201 231 -5723318.30 -19794047.29 -0.733 -0.681 256.73 148.55
201 246 13420926.01 2301421.74 0.997 0.079 244.55 138.29
202 218 -20130053.71 3898834.69 -0.994 -0.108 324.22 152.90
202 247 20130053.37 -3172215.66 0.986 -0.169 304.91 156.30
203 220 -1976473.23 -845644.76 -0.989 -0.146 373.92 131.62
203 234 1127425.74 -526340.20 0.791 -0.612 355.66 131.96
203 248 31579.60 -1807885.18 -0.139 -0.990 363.49 140.30
204 206 981013.77 -4058953.25 0.567 -0.824 414.71 125.25
281 295 209357.40 -209617.13 0.661 -0.750 392.51 175.56
284 328 51829586.43 -30745505.24 0.977 -0.214 464.38 151.02
284 344 10056353.10 -31737393.52 0.278 -0.961 471.35 159.14
335 337 -8381728.16 -5220424.35 -0.827 -0.562 248.50 243.26
335 366 10430620.67 -7585196.45 0.903 -0.430 229.32 243.13
335 378 -400255.43 -1624417.40 -0.123 -0.992 240.51 249.82
336 338 14456232.65 2353831.60 0.959 0.282 271.45 191.36
337 425 -7043280.06 -4308412.02 -0.768 -0.641 264.07 252.01
337 425 -8381728.03 -4516598.07 -0.999 -0.047 263.18 253.60
339 352 -21557470.17 -2616317.98 -0.999 0.049 381.74 214.69
339 367 8992660.86 -4206599.40 0.995 -0.095 367.32 224.05
339 367 11745999.52 -11944659.47 0.442 -0.897 363.23 220.04
411 470 -584125.45 69416.79 -0.972 0.237 264.72 270.07
412 425 8381728.18 3798342.49 0.948 0.317 278.14 259.45
412 458 -18350726.64 -1332136.75 -1.000 -0.000 297.28 261.90
412 470 13486253.02 -12987610.75 0.676 -0.737 278.70 266.62
412 520 -625353.64 -1290380.20 -0.289 -0.957 286.53 272.44
413 447 9213720.74 -20020583.67 0.599 -0.801 387.43 258.14
413 447 15528150.62 -31674679.49 0.699 -0.715 393.21 259.41
414 462 -2501057.93 10743185.20 0.105 0.994 449.19 224.78
414 490 1943327.40 -9556880.93 0.424 -0.906 443.07 243.14
414 490 3878122.52 -9486008.87 0.998 -0.067 440.90 238.72
414 493 -1377064.62 -539099.03 -0.982 -0.186 456.62 230.40
500 515 4567934.75 -7543359.78 0.124 -0.992 369.87 309.63
500 515 5111030.94 -9252440.10 0.381 -0.925 369.29 309.52
500 515 9736843.20 -13246404.45 0.760 -0.650 366.18 306.44
500 565 -847168.14 -11628392.91 -0.413 -0.911 379.37 310.58
501 532 -2679739.25 -16894281.04 0.058 -0.998 344.95 298.25
501 546 678283.77 36965.61 0.999 0.050 336.59 294.02
502 503 -1328179.59 -1062099.89 -0.802 -0.597 474.66 260.19
502 505 11556161.23 -14668502.00 0.413 -0.911 458.79 267.21
503 535 -725909.29 -1637251.40 -0.736 -0.677 488.30 274.25
504 508 6878724.66 -12507738.54 0.125 -0.992 556.48 255.88
570 585 -10176261.24 -1482923.76 -0.999 -0.038 54.08 306.30
570 617 -18836.31 -975922.23 -0.272 -0.962 48.25 310.63
572 601 1058425.33 1191283.05 0.841 0.541 17.94 317.96
572 616 -1328976.44 -158967.73 -0.897 -0.441 33.47 327.47
573 585 4902986.69 -2630950.61 0.990 -0.142 74.00 305.28
573 585 8357645.80 -4334890.16 0.954 -0.301 70.00 299.12
573 631 -3673768.41 -834221.29 -0.860 -0.510 87.08 303.82
574 588 400866.05 147929.64 0.916 0.400 106.04 328.83
655 685 -221344.34 -1602733.64 -0.502 -0.865 520.67 376.17
655 688 2359732.12 -4848154.94 0.526 -0.850 507.56 377.55
655 688 -4144810.37 -9694783.66 -0.491 -0.871 511.88 378.13
656 659 -243712.41 -22027.65 -0.975 -0.222 582.26 330.11
656 659 -487424.82 -44055.31 -0.975 -0.222 582.26 330.11
656 686 59608.03 -1088460.86 -0.241 -0.971 572.03 341.05
656 686 284911.66 -1343305.67 0.614 -0.789 567.53 339.19
657 671 4086589.09 -814339.56 0.828 -0.561 572.24 364.95
657 672 -1111458.76 -3573813.60 -0.597 -0.803 589.38 367.01
657 672 -1134201.67 -7615565.63 -0.328 -0.945 584.56 368.27
658 704 -1623425.33 2414180.83 -0.807 0.591 518.73 419.79
658 822 1623425.38 -1700710.73 0.724 -0.690 507.96 434.50
735 751 -715413.00 -598558.94 -0.849 -0.529 99.87 404.01
735 752 -2675434.88 3027171.35 -0.754 0.657 99.26 393.00
735 780 3390847.88 -1729009.04 0.806 -0.592 83.15 405.03
736 751 707561.00 -882454.09 0.616 -0.788 113.77 401.37
736 752 1003158.20 2054487.25 0.616 0.788 106.97 390.78
736 752 4715270.79 3571369.32 0.979 0.202 110.34 384.37
736 768 -5422831.86 -1967502.89 -0.889 -0.459 125.32 395.80
737 738 -705239.52 593820.21 -0.758 0.652 66.93 397.00
737 795 705239.64 104037.78 0.862 0.507 50.35 402.85
738 780 -946939.70 -5261179.99 -0.359 -0.933 78.09 400.84
739 755 -2326531.74 -9260608.56 0.009 -1.000 151.88 405.41
739 768 5978990.24 3588014.68 0.880 0.475 141.78 397.64
850 893 -131207.43 -574690.96 -0.384 -0.923 372.01 505.59
851 868 3350.07 43474.81 0.100 0.995 515.33 495.96
851 868 0.05 704520.48 0.056 0.998 521.59 492.03
852 854 -2298694.64 -2763891.23 -0.866 -0.500 567.13 457.09
853 854 -1001817.87 2755713.57 -0.365 0.931 569.54 464.47
853 869 1462742.80 -621979.49 0.694 -0.720 559.11 480.04
853 884 -925334.89 -1696526.69 -0.472 -0.882 567.83 481.88
50 64 635806.75 -5027615.79 0.127 -0.992 165.12 49.90
51 52 147719.55 -6375193.46 -0.393 -0.919 341.75 32.05
51 52 2558252.72 -8731652.49 0.375 -0.927 335.58 32.27
52 67 -8316209.96 -4263982.06 -0.884 -0.468 348.26 44.17
52 68 880352.68 -2096624.81 0.180 -0.984 334.94 50.23
52 81 9994109.76 -1666841.00 0.995 -0.096 328.99 40.13
54 67 7393527.12 -419817.37 0.988 -0.155 366.09 43.84
54 71 -28340192.19 26745320.38 -0.931 0.364 382.56 42.17
54 128 20946664.72 -25613382.77 0.733 -0.680 371.43 55.81
125 140 5997276.19 -9358418.17 0.811 -0.585 263.25 64.21
125 141 -527587.98 -403626.52 -0.791 -0.611 274.83 67.94
125 141 -424213.01 -844312.50 0.190 -0.982 271.88 68.72
126 144 17084652.25 -15551452.02 0.875 -0.485 293.21 86.06
126 188 -32105032.99 -19147659.54 -0.995 -0.096 312.76 90.96
127 128 -20331576.15 27244570.25 -0.867 0.498 359.49 70.47
127 145 19823485.60 -27645470.09 0.639 -0.769 348.07 86.22
129 158 7159807.32 -10334057.63 0.191 -0.982 386.48 96.75
195 196 -3972106.04 14697756.33 -0.086 0.996 84.70 96.31
195 198 -15726227.22 9094710.10 -0.866 0.501 96.85 100.08
195 211 -6712036.61 -629372.84 -0.992 0.129 98.34 105.50
195 241 11577073.98 42743.11 1.000 0.028 81.81 109.97
195 241 26410369.76 -22462536.65 0.688 -0.725 80.15 107.39
197 240 414863.45 -88829.73 0.894 -0.448 58.17 105.41
197 241 -7160998.57 -10130352.61 -0.617 -0.787 72.89 104.76
198 211 -1470168.13 -8957095.97 0.167 -0.986 106.83 101.10
199 201 7697607.78 -18214169.35 0.668 -0.744 259.30 132.84
199 260 -48355.68 -104865.05 -0.483 -0.876 270.18 129.51
285 301 -4289865.74 -14480329.04 -0.476 -0.879 10.45 144.28
285 301 -8579731.48 -28960658.08 -0.476 -0.879 10.45 144.28
286 300 -13353538.64 2641728.73 -0.991 0.131 128.20 171.09
286 316 12428307.47 -33673502.81 0.181 -0.983 123.64 176.80
287 346 -30761149.36 -37887612.08 -0.797 -0.604 62.77 138.51
289 290 -55366685.51 -18755339.41 -0.909 -0.416 199.49 155.45
289 304 -78116.58 -1488185.24 0.074 -0.997 192.72 160.85
340 344 962633.45 1886154.73 0.307 0.952 477.37 177.22
340 344 2750565.84 3187188.39 0.882 0.471 478.29 176.37
340 357 -1736510.20 -5730.59 -0.963 0.271 490.82 179.36
340 401 -1014055.53 -2487407.77 -0.353 -0.936 484.80 192.19
341 357 245707.30 -352035.08 0.575 -0.818 507.13 176.01
341 357 1148948.39 -1088893.46 0.613 -0.790 500.37 173.38
342 358 -1723499.55 12048816.04 -0.465 0.885 588.69 175.61
342 359 -1615638.89 -10832831.26 -0.394 -0.919 586.89 192.96
342 432 3339138.89 -504582.15 0.926 -0.378 579.71 192.38
343 389 -3244499.63 642260.39 -0.971 0.240 548.32 185.84
343 389 -12167109.94 -11574601.46 -0.755 -0.656 547.62 191.47
343 402 -1115645.48 -15207160.53 0.084 -0.996 535.93 196.92
343 402 14246251.69 -32596971.79 0.644 -0.765 531.68 194.22
343 417 -7892793.91 24925639.25 0.079 0.997 542.47 179.37
344 371 12806919.20 -27853828.53 0.601 -0.799 466.23 172.30
440 467 -13641051.19 -8036796.30 -0.819 -0.574 104.03 244.43
441 486 -283470.63 -2008608.90 -0.158 -0.988 138.09 248.15
442 455 981251.45 843186.38 0.687 0.727 164.56 257.94
442 466 -402669.44 -270152.69 -0.637 -0.771 180.07 268.71
442 512 1463.70 -462397.10 0.144 -0.990 176.66 269.79
442 512 -0.01 -688796.02 -0.279 -0.960 170.71 269.88
443 459 -11094361.22 -13790835.62 -0.772 -0.635 240.47 285.66
444 459 13822656.60 -8496829.55 0.884 -0.468 248.88 290.40
444 470 -12539850.29 11113915.55 -0.858 0.514 264.29 279.48
444 483 -1295086.01 -408133.80 -0.999 -0.050 268.32 288.11
444 497 12279.66 -1508872.64 0.212 -0.977 259.88 296.96
525 557 -247389.39 -20631716.17 -0.312 -0.950 103.14 267.31
526 543 55995.05 -82775.20 0.495 -0.869 132.36 283.93
526 543 622544.88 -539310.16 0.895 -0.447 128.56 278.94
528 603 7942066.44 -10986683.78 0.683 -0.731 227.03 340.49
528 649 -316197.44 -185356.61 -0.766 -0.643 244.63 345.57
529 530 -654450.64 523849.85 -0.719 0.696 300.23 299.30
529 530 -1308901.27 1047699.69 -0.719 0.696 300.23 299.30
529 545 799047.47 -334236.21 0.733 -0.680 284.89 310.73
529 548 -422954.88 -780610.47 -0.531 -0.848 292.13 312.31
600 615 -2506578.20 4902530.40 -0.210 0.978 61.05 334.59
600 616 46942.45 10349.57 1.000 -0.018 44.73 339.66
602 606 -2159959.43 -1052778.79 -0.786 -0.618 140.77 336.84
602 678 -5304203.98 -12538449.86 -0.349 -0.937 133.44 348.57
603 622 886222.94 3654260.36 0.190 0.982 213.24 334.92
603 648 -5056774.36 -16052515.39 -0.176 -0.984 224.91 348.71
603 665 157036.24 -504137.33 0.082 -0.997 213.46 351.32
603 710 11955581.87 2640849.73 0.953 0.303 208.67 339.95
604 606 2445817.37 -1512787.86 0.670 -0.743 155.78 335.17
604 646 -3058395.85 -2093947.42 -0.844 -0.536 166.07 336.65
685 687 -616033.83 -1090416.32 -0.526 -0.851 532.51 391.83
685 732 1087242.33 -1912719.37 0.554 -0.833 520.72 392.23
688 703 566197.39 348197.90 0.967 0.255 498.33 385.84
688 732 -4711007.56 -9325048.48 -0.732 -0.682 516.03 392.44
689 749 243272.32 -3888138.72 0.429 -0.903 590.17 401.58
740 786 11284.33 -747512.98 -0.023 -1.000 268.41 424.07
741 798 517555.15 -288042.24 0.710 -0.704 244.13 418.77
741 801 400145.54 -5315804.46 0.269 -0.963 252.57 423.10
742 747 6115529.91 2078511.15 0.997 -0.072 392.77 416.55
742 791 236894.38 -1260222.50 0.474 -0.880 404.28 422.56
742 791 -2523340.25 -6802942.76 -0.042 -0.999 397.89 421.79
743 745 -572030.08 -1410500.06 -0.517 -0.856 436.67 405.98
744 760 -1994805.75 -5038616.25 -0.199 -0.980 309.00 442.73
805 806 1318456.25 -1712576.43 0.702 -0.712 533.52 455.69
805 839 -464409.98 -1059707.49 -0.221 -0.975 545.90 457.41
805 852 -1905047.32 1171642.47 -0.847 0.532 550.01 449.07
806 838 -659298.58 -2583869.10 -0.171 -0.985 532.12 472.68
807 821 -154453.78 1457630.53 -0.349 0.937 481.39 476.19
807 821 -52390.76 1666880.73 0.600 0.800 485.10 476.00
807 896 52390.66 -931509.11 0.377 -0.926 479.52 494.33
808 854 2363862.97 2233223.28 0.740 0.672 584.61 460.82
808 898 205604.27 -1267551.84 -0.062 -0.998 589.59 478.31
809 852 1301602.98 -2508303.50 0.658 -0.753 558.96 442.16
809 852 -393647.37 -4636195.55 -0.540 -0.842 554.89 442.19
5 6 -757579.42 270864.03 -0.991 0.136 200.57 11.64
5 19 1267327.06 -9867870.94 0.028 -1.000 192.91 19.16
6 20 -483451.50 -595583.69 -0.507 -0.862 214.52 18.55
7 20 79602.22 -325422.80 0.291 -0.957 226.68 20.13
8 65 129752.31 -231518.76 0.562 -0.827 319.90 16.41
9 25 3527448.72 -31972991.34 0.072 -0.997 471.46 17.37
9 41 -236172.65 -281279.95 -0.647 -0.763 481.66 17.47
85 114 -12997019.29 1349388.61 -0.955 -0.297 417.86 46.76
85 116 -3651022.42 -50263384.87 -0.177 -0.984 411.96 54.90
86 114 8203823.97 -10524377.02 0.233 -0.972 431.29 42.13
87 101 -10332247.07 -49236333.96 -0.002 -1.000 460.00 51.28
88 102 370505.10 -2055568.38 0.206 -0.978 501.72 51.25
88 102 539658.34 -16249784.46 -0.242 -0.970 495.72 51.61
89 134 -75718.61 -292283.57 -0.415 -0.910 542.02 51.27
89 134 -161225.90 -404837.51 -0.795 -0.607 537.33 54.99
150 165 -554715.50 428402.61 -0.803 0.596 40.40 77.26
150 181 554715.52 269633.75 0.955 0.298 22.33 79.28
151 165 554715.48 -1138251.83 0.599 -0.801 51.88 61.30
152 196 3972106.07 -15383645.54 0.310 -0.951 89.23 78.60
153 197 -6746135.02 -10897186.45 -0.666 -0.746 63.87 91.12
153 210 22145210.43 -16074533.47 0.967 -0.254 55.25 89.10
225 226 -38318597.76 -26665953.29 -0.625 -0.781 36.73 121.36
226 270 5114868.20 -5600528.26 0.509 -0.861 38.69 139.67
226 270 8945316.59 -7228665.48 0.885 -0.465 33.93 136.34
226 287 -40146632.14 -15695195.18 -0.989 -0.151 51.57 130.44
226 287 -47087104.20 -17999201.51 -0.995 -0.099 51.48 131.08
226 330 -176810.18 -742801.75 0.206 -0.978 45.93 137.30
227 256 97824.21 140652.77 0.676 0.737 88.91 128.64
227 288 -17273.54 -407395.55 -0.233 -0.972 95.66 135.61
228 243 -18246412.11 -58834611.05 -0.375 -0.927 132.72 130.17
229 230 162027.43 -159597.02 0.865 -0.502 209.28 113.13
300 317 -13353538.73 3363702.53 -0.959 0.284 147.08 166.84
301 345 -2458271.01 -2395891.88 -0.636 -0.771 18.34 160.52
301 375 2823856.12 -32385313.85 0.393 -0.919 13.48 161.89
302 331 19516333.35 39449700.86 0.414 0.910 84.86 170.19
302 350 -26594247.41 -15746440.89 -0.836 -0.549 97.89 183.49
302 362 4899545.97 -23158390.74 0.202 -0.979 85.58 187.93
302 362 11839885.59 -26210444.89 0.833 -0.554 81.13 184.38
303 305 271513.21 -461386.71 0.658 -0.753 165.93 187.28
303 317 23650475.47 26143334.16 0.632 0.775 164.55 172.32
303 333 -23921988.87 -24966560.22 -0.753 -0.658 178.29 187.09
304 307 -78116.86 -778555.46 -0.238 -0.971 196.58 176.40
380 441 -1253174.00 -756176.69 -0.777 -0.629 138.25 230.03
380 441 -283470.66 -2704182.49 0.286 -0.958 134.17 231.33
381 395 -962369.17 -1626970.48 -0.263 -0.965 273.65 225.23
381 396 21803533.37 1921367.86 0.948 0.318 265.87 212.47
382 397 1977946.68 -1045077.16 0.897 -0.443 368.73 244.11
383 384 103684.20 6656384.21 0.210 0.978 290.26 235.04
383 384 -2597052.89 13654087.61 -0.293 0.956 292.79 234.96
383 393 -1627047.95 -1544923.20 -0.709 -0.706 299.51 248.00
383 395 1332199.92 1137311.37 0.755 0.656 284.32 238.26
383 412 2891900.93 -12518221.13 0.140 -0.990 287.12 252.95
470 483 362277.33 -1078376.86 0.237 -0.971 274.70 284.77
471 530 1052689.75 -2096027.63 0.417 -0.909 310.37 282.15
471 546 -678283.79 -732566.59 -0.393 -0.920 321.22 287.11
473 513 909701.15 -3904845.79 0.444 -0.896 207.05 284.21
473 513 2443686.57 -11273871.10 0.464 -0.886 199.95 280.59
515 549 7906305.21 -8040391.55 0.901 -0.433 354.54 319.79
515 594 1830538.02 -4507973.78 0.072 -0.997 369.17 320.80
516 531 -6714143.92 -3018373.86 -0.732 -0.681 414.67 297.69
516 531 -9837137.53 -7668638.78 -0.348 -0.938 409.45 299.18
517 551 -102219.92 -120280.82 -0.844 -0.537 399.18 313.01
518 534 -16163521.31 9462510.56 -0.886 0.464 455.02 302.09
518 567 -171117.56 -398160.42 -0.088 -0.996 448.47 318.02
518 568 16334638.78 -8333281.05 0.848 -0.530 438.28 311.29
519 533 -218943.33 -72003.23 -0.881 -0.474 425.29 289.96
615 617 1300870.28 -293872.30 0.997 -0.071 54.93 319.76
615 618 -5626063.95 800479.56 -0.995 0.095 69.46 319.50
616 617 -1282033.99 560635.26 -0.735 0.678 39.11 326.96
618 630 160845.95 -2350587.18 0.095 -0.996 79.69 328.29
618 631 -5786910.01 3854571.59 -0.909 0.417 87.23 313.21
619 684 -186715.71 444649.38 -0.609 0.793 385.28 365.43
695 740 128835.34 -1219695.33 0.229 -0.973 274.15 407.44
695 740 -2282066.45 -3624478.83 -0.820 -0.573 270.77 408.90
695 741 1123747.20 -1715544.70 0.728 -0.685 260.91 411.27
696 697 -1449311.16 149534.93 -0.999 -0.044 354.14 427.36
696 727 784843.07 1082755.94 0.576 0.818 345.11 421.83
696 775 664468.08 -536285.23 0.881 -0.473 340.01 439.27
697 701 -2904494.89 10314796.98 -0.176 0.984 368.76 418.59
697 731 -1424212.00 -812266.09 -0.878 -0.479 373.23 431.74
697 788 2879395.72 -8633771.01 0.391 -0.921 363.55 436.94
698 699 2301209.37 -1979186.48 0.905 -0.426 486.06 376.67
699 703 -2691829.99 -11050449.98 -0.414 -0.910 484.13 384.10
699 718 4019326.41 -7749295.58 0.779 -0.627 475.04 387.61
785 817 250998.57 1841057.22 -0.055 0.999 240.14 451.47
785 832 -718523.18 1073788.27 -0.847 0.531 247.98 455.35
785 859 467524.69 -2169643.79 0.265 -0.964 241.41 470.26
786 832 11284.47 -18488.13 0.806 -0.592 261.49 441.56
787 797 -99978.07 -1324374.37 -0.133 -0.991 216.80 444.27
787 812 199047.90 168304.74 0.786 0.619 210.68 437.29
787 812 1545871.69 45704.94 0.886 -0.464 210.66 433.16
787 817 -1347240.60 -1472572.49 -0.661 -0.750 229.12 436.39
788 789 -505488.66 -802174.31 -0.679 -0.734 370.63 449.59
788 818 4087897.30 -3729349.89 0.605 -0.796 353.72 451.24
789 804 -505488.50 -95954.89 -0.984 -0.181 384.30 462.72
881 895 -125433.22 -1013853.47 -0.174 -0.985 444.00 486.00
883 884 -459719.71 762502.12 -0.725 0.689 565.50 497.32
883 891 176537.88 66216.51 0.764 0.645 548.57 502.27
884 898 -1048399.80 22005.69 -0.956 -0.292 580.65 485.73
884 899 -336654.63 -233885.38 -0.850 -0.527 574.90 499.81
75 90 513136.30 -252758.97 0.846 -0.534 52.51 32.31
76 90 3307279.06 14012136.34 0.043 0.999 48.06 41.80
76 91 6671199.72 -207207.15 0.982 -0.190 35.28 48.52
76 151 -2114903.72 -563291.09 -0.964 -0.267 50.61 56.77
76 151 -9978478.82 -13128216.67 -0.663 -0.749 53.34 51.49
77 108 15981612.96 -8988111.16 0.992 -0.125 129.59 48.62
77 108 14818360.20 -15937004.59 0.129 -0.992 126.13 45.34
78 94 1645214.83 -72805.16 0.998 -0.055 181.67 75.73
78 95 -336974.97 -199794.76 -0.775 -0.632 200.80 79.51
78 122 -1061028.25 1483712.19 -0.518 0.855 197.01 67.20
78 154 44617.49 -105771.54 0.408 -0.913 188.46 84.54
78 170 -291829.30 -397142.81 -0.354 -0.935 195.34 84.53
79 96 -4719596.45 -224843.95 -0.968 -0.251 246.00 28.39
79 109 8919844.26 -5636077.89 0.708 -0.706 230.10 35.82
166 180 -11413063.22 32114142.29 -0.408 0.913 7.40 107.74
166 225 -38382124.67 9797144.75 -0.797 0.604 18.63 117.46
166 285 -238211.71 -31725154.27 0.286 -0.958 7.07 126.40
167 180 22496546.70 23122571.87 0.884 0.468 20.57 100.31
167 210 -22560073.72 14742256.38 -0.913 0.408 39.34 100.25
167 225 -1620746.27 -16555622.53 0.118 -0.993 31.21 111.05
167 225 63526.93 -37138576.75 0.282 -0.959 25.15 109.34
168 215 -16977355.20 -41265391.52 -0.562 -0.827 143.81 96.80
169 216 -12899362.90 -6844012.43 -0.894 -0.448 180.17 105.53
169 244 213420.62 -5390762.00 0.185 -0.983 168.67 116.28
255 288 336417.60 31386.60 0.949 0.315 100.82 141.62
256 288 -319143.96 -318151.47 -0.691 -0.723 86.50 138.44
256 346 3340384.14 -10168801.76 0.167 -0.986 72.33 135.50
257 258 26854578.48 20765147.70 0.838 0.546 164.65 139.24
257 273 6723660.71 -7906387.74 0.327 -0.945 175.23 154.73
257 273 17924563.34 -18082245.00 0.704 -0.710 173.58 153.70
257 289 -55444802.06 -20969910.53 -0.995 -0.103 180.42 148.55
315 330 176810.31 8430.91 0.990 0.144 56.55 152.15
315 346 -5692225.29 4095920.77 -0.902 0.431 66.68 152.73
315 347 1642559.54 -1663448.42 0.646 -0.763 54.30 166.06
315 347 5515415.02 -3394987.54 0.925 -0.381 50.83 160.49
316 360 172777.93 -448725.53 0.275 -0.961 125.94 193.44
316 360 12428307.42 -32981985.46 0.237 -0.972 119.01 188.62
317 334 7408502.38 -10628602.70 0.548 -0.837 149.84 178.28
319 320 -1123252.90 2850188.86 -0.384 0.923 236.98 212.67
319 320 181448.54 8828053.29 0.147 0.989 243.86 213.16
319 321 7418012.60 303963.55 0.997 0.075 228.93 224.16
319 335 -379466.94 -7170774.15 -0.264 -0.965 240.61 231.63
319 335 1648637.20 -15122608.15 0.227 -0.974 236.74 231.72
319 396 -9248098.43 6737530.70 -0.862 0.506 248.15 215.79
415 418 -1014058.82 -1097004.11 -0.775 -0.631 503.30 222.86
416 446 6073274.37 -6921247.87 0.394 -0.919 461.32 197.46
416 492 -963872.86 -6966282.72 0.070 -0.998 471.00 207.44
416 492 -7935245.53 -19510880.26 -0.262 -0.965 470.37 207.44
418 433 17623286.19 -1072904.88 0.998 -0.067 495.86 231.52
418 448 -4134463.45 1610903.12 -0.941 0.340 513.04 225.55
418 448 -12302377.43 18417229.33 -0.745 0.667 513.42 226.05
418 509 -6334968.55 -17714495.62 -0.309 -0.951 513.30 238.77
419 449 8289242.44 -7998291.06 0.816 -0.578 553.91 225.72
419 463 -11185505.47 -22322897.18 -0.260 -0.966 570.38 226.03
495 525 -3470672.68 13679441.63 -0.104 0.995 94.58 272.40
495 559 -4221560.85 -7435989.36 -0.764 -0.645 97.24 285.99
495 573 4683877.46 -5872512.36 0.545 -0.838 85.38 289.30
496 541 4089201.87 4317124.47 0.453 0.892 30.94 293.76
496 570 -10195097.53 -3176374.50 -0.973 -0.230 36.48 301.90
496 572 166060.91 -677007.23 0.320 -0.947 30.46 311.27
497 545 -789191.79 -377014.54 -0.937 -0.349 272.26 310.45
497 545 -799047.64 -396337.06 -0.554 -0.832 269.22 314.59
498 528 5057764.51 -2415151.24 0.951 -0.309 240.65 331.60
498 590 -6485471.03 -5589983.27 -0.744 -0.668 258.58 327.50
498 590 -11798764.49 -11159209.08 -0.837 -0.547 257.61 334.11
499 500 -5029465.78 -1586173.25 -0.772 -0.636 366.07 302.01
499 501 2374614.73 -1118198.16 0.967 -0.257 350.12 293.08
499 501 3645506.24 -516639.24 0.805 0.593 352.72 288.36
499 532 10010256.45 -6064332.54 0.946 -0.324 350.78 301.53
595 596 -4372806.06 7405730.31 -0.489 0.872 459.59 357.11
595 681 1387205.74 -5418911.96 -0.112 -0.994 456.03 373.59
595 715 2985600.39 -1266934.69 0.987 -0.160 443.29 364.39
596 597 382168.62 8507.78 0.979 -0.202 456.66 344.18
599 612 -4036237.22 -126530.28 -1.000 0.031 543.15 312.68
599 641 578233.54 -7527516.27 0.018 -1.000 533.75 320.92
670 685 322582.66 -2290.87 0.977 -0.212 535.43 381.67
670 716 -687048.99 -1137430.00 -0.291 -0.957 551.07 383.01
671 686 -284911.87 624071.71 -0.702 0.712 567.21 357.25
672 689 -181483.88 -6327020.42 -0.314 -0.949 587.81 384.52
673 687 616033.88 408372.02 0.733 0.680 545.55 406.35
674 762 -2398504.15 940925.94 -1.000 0.014 578.63 425.23
674 809 4141448.83 -2223792.20 0.947 -0.320 566.10 429.69
674 824 -1154864.39 -1431407.45 -0.746 -0.666 575.48 429.09
760 775 -664467.86 -172524.06 -0.998 0.064 323.40 442.54
761 805 -430077.12 -361880.93 -0.937 -0.348 535.66 440.46
761 805 -1051001.15 -2321119.63 -0.656 -0.755 531.90 445.40
762 779 936649.47 -3631053.59 -0.141 -0.990 590.61 437.97
762 824 1154864.30 726392.72 0.984 0.178 584.38 434.49
763 809 -4535096.21 -3116915.57 -0.964 -0.266 549.81 430.17
764 778 2735570.12 -418123.08 0.882 -0.471 466.38 420.92
764 778 2486252.75 -6699699.26 -0.380 -0.925 462.87 418.02
815 873 -123799.36 -1678390.83 -0.002 -1.000 167.02 455.33
816 841 1524718.66 110242.24 0.998 -0.070 51.53 433.70
816 856 95628.81 -1422957.78 -0.207 -0.978 53.87 444.23
816 858 -222001.46 -207341.39 -0.924 -0.383 65.73 444.99
819 850 576584.05 -615844.64 0.578 -0.816 374.59 488.03
819 882 -774831.09 -494963.98 -0.696 -0.718 385.50 484.64
876 879 -89255.66 -12956.52 -0.978 -0.211 221.50 493.27
877 892 -659265.85 -301274.74 -0.956 -0.294 439.79 507.09
70 128 552895.77 106976.79 0.998 -0.066 371.36 69.08
70 128 1155740.74 -59237.16 0.950 -0.311 374.02 61.06
72 86 5088741.35 -5968617.20 0.909 -0.417 442.90 29.34
72 86 8917575.55 -10319222.20 0.347 -0.938 442.56 28.79
72 87 2298971.73 -12074739.34 -0.119 -0.993 457.52 30.92
72 87 -25854541.06 -34470441.05 -0.888 -0.460 452.58 33.29
73 88 -18134477.19 2017117.72 -0.985 -0.175 488.86 42.04
73 103 6139627.86 -17075769.63 0.406 -0.914 482.70 50.22
74 162 -6067091.38 -19573769.37 -0.419 -0.908 593.65 54.34
130 131 5556056.96 11739964.45 0.500 0.866 435.19 80.74
130 175 -5099275.87 -2433648.11 -0.810 -0.586 446.35 95.85
130 175 -5556061.50 -11022580.84 -0.199 -0.980 441.58 96.68
132 164 2856476.43 -24595860.95 0.077 -0.997 508.43 83.44
133 173 -7641878.03 -28655248.81 -0.520 -0.854 419.63 93.21
205 223 1991344.27 13097904.31 0.060 0.998 427.88 122.44
205 223 -12436353.30 42315933.62 -0.409 0.912 434.82 125.81
205 236 -5993124.98 -4438922.17 -0.690 -0.724 435.95 138.90
205 266 18429477.09 -37155163.52 0.488 -0.873 426.75 141.75
206 221 551744.91 -1346700.13 0.121 -0.993 406.10 142.91
206 221 1075010.34 -1799906.37 0.826 -0.563 402.00 139.99
206 266 -3469409.00 -7432634.37 -0.487 -0.873 415.25 139.24
207 253 -7059609.46 -8830851.15 -0.824 -0.566 482.97 130.95
208 239 32357839.50 8051357.35 0.993 -0.117 545.98 122.63
208 296 -2668748.88 -36534925.60 -0.152 -0.988 551.14 128.32
208 297 -20126831.61 3791566.91 -0.983 0.186 565.71 123.97
209 222 -21682340.50 -23111344.74 -0.775 -0.632 567.09 97.09
305 334 271513.12 267789.08 0.617 0.787 154.10 187.62
306 320 -1846318.29 -8488967.65 -0.138 -0.990 245.16 196.52
306 338 -14456232.49 -3068001.55 -0.993 -0.121 254.11 188.11
307 318 -15112085.60 5436475.34 -0.921 0.388 208.22 180.40
307 333 15541412.65 -4371282.27 0.790 -0.613 190.05 186.11
307 348 -507444.06 -1134724.27 -0.425 -0.905 203.33 192.57
308 325 10511169.86 -13674242.30 0.631 -0.776 315.83 210.35
308 325 30170081.53 -8114154.57 0.999 0.032 314.04 205.07
308 386 -5871236.20 -9173799.34 -0.646 -0.764 325.56 214.50
309 324 18698006.10 741655.84 0.987 0.161 388.67 200.81
309 352 2614965.45 -11835290.38 0.564 -0.825 392.10 205.65
309 372 -4447566.59 -5167849.08 -0.868 -0.497 404.50 203.58
309 372 -11875874.10 -4510883.05 -0.998 0.064 404.38 204.19
390 420 14510.27 -16810.25 0.757 -0.654 32.50 190.23
391 406 -525379.51 -3509520.24 -0.138 -0.990 64.00 212.44
391 423 7774469.34 1358749.93 0.999 0.039 53.40 198.95
392 406 15921620.38 3741045.55 0.874 0.487 73.08 226.76
392 440 -13641051.06 -8726846.67 -0.977 -0.215 89.84 235.57
392 511 -6730359.71 -13963102.67 -0.502 -0.865 85.77 239.21
393 399 -1631390.22 864553.25 -0.977 0.212 318.50 246.16
393 458 202327.09 -2369100.01 -0.041 -0.999 304.95 255.41
475 499 8626296.89 -8866574.92 0.613 -0.790 364.13 286.54
476 489 4617065.91 -8545839.60 0.406 -0.914 397.11 280.86
476 519 -390710.01 -225443.32 -0.832 -0.555 411.77 279.26
477 503 602270.32 -1307182.29 0.649 -0.761 489.21 258.32
477 509 -2519278.86 289742.47 -0.969 0.247 506.56 253.11
478 507 -9391782.18 -5622017.60 -0.730 -0.684 532.74 239.98
478 507 -13086815.52 -5750755.88 -0.958 -0.287 532.49 240.54
478 509 15030688.29 -5570554.68 0.864 -0.504 517.07 240.67
479 508 9357742.08 8991885.21 0.605 0.796 555.12 271.19
479 583 -9632558.27 -7819994.16 -0.764 -0.646 568.17 282.42
479 611 274816.10 -455464.21 0.562 -0.827 553.34 285.42
575 606 -1290759.52 -1432457.02 -0.500 -0.866 147.68 334.50
576 577 -230731.12 -470215.53 -0.693 -0.721 339.03 345.31
576 608 5878702.22 -6014730.65 0.911 -0.412 328.44 342.32
576 608 15046422.46 -13005799.25 0.763 -0.646 328.10 341.79
577 578 -230731.19 240793.96 -0.595 0.804 354.22 350.80
578 580 1171175.06 -18744549.72 -0.286 -0.958 362.71 352.29
578 594 -7627825.27 10804852.63 -0.758 0.653 366.71 338.43
650 680 314350.77 4071999.23 0.255 0.967 293.46 399.91
650 725 -308453.96 -3364045.54 0.327 -0.945 294.88 419.16
650 726 -5896.50 -3771.75 -0.883 -0.469 303.17 415.07
651 680 -314350.95 -4809484.52 0.252 -0.968 292.60 382.79
653 699 -973712.84 -17515893.64 -0.159 -0.987 480.65 370.74
654 655 -6338948.59 -11564927.02 -0.817 -0.577 505.01 363.53
654 698 2301209.02 -2673000.85 0.561 -0.828 499.60 363.57
717 719 169453.46 92674.84 0.978 0.209 494.58 413.41
717 719 338906.91 185349.69 0.978 0.209 494.58 413.41
717 732 -338906.83 525659.20 -0.187 0.982 511.79 405.62
718 764 3276057.83 -3774875.78 0.808 -0.589 472.01 403.66
718 764 2486252.66 -7416693.53 -0.094 -0.996 466.50 402.67
719 748 -1786725.44 -9103851.57 -0.102 -0.995 490.58 418.06
776 778 1241883.99 2264373.95 0.743 0.669 465.65 426.44
776 794 328973.49 -613662.15 0.746 -0.666 466.26 435.62
776 820 -20746.85 -3829017.93 -0.028 -1.000 478.82 439.54
777 791 3834888.00 2974661.08 0.935 0.355 407.44 433.60
777 792 993421.99 -2223365.93 0.278 -0.961 412.80 450.13
777 793 -2609209.85 -2230229.31 -0.612 -0.791 423.57 444.22
779 854 936649.52 -2930341.02 0.267 -0.964 585.02 455.17
830 850 575693.77 256045.80 0.972 0.235 377.92 501.00
830 875 -363039.69 200872.41 -0.976 0.218 393.47 509.35
830 882 -343861.48 396106.50 -0.600 0.800 387.67 494.97
830 893 131207.27 -138418.54 0.670 -0.743 379.30 508.81
831 843 32045.47 -32136.86 0.709 -0.706 87.75 462.09
831 889 -75704.72 -194887.29 -0.324 -0.946 97.23 464.84
831 889 -87094.42 -768384.28 0.386 -0.922 91.53 464.35
832 845 -192401.62 -1592806.00 -0.232 -0.973 259.81 459.70
833 850 -897201.88 -655647.60 -0.951 -0.309 364.11 488.38
833 850 -1046145.08 -1174359.20 -0.336 -0.942 361.04 492.71
834 848 1136363.23 -939830.58 0.780 -0.626 293.72 467.70
20 79 -403849.42 -224508.64 -0.906 -0.423 227.96 24.45
21 66 4604097.25 -7031945.88 0.739 -0.674 254.41 9.78
21 80 5076249.88 -20182104.96 0.400 -0.916 270.09 15.74
21 80 -13587847.26 -52348556.48 -0.727 -0.686 266.66 15.91
22 36 -806244.57 -3947819.94 -0.219 -0.976 292.42 15.83
23 39 -104123.29 -339490.27 -0.657 -0.754 369.31 19.47
23 53 195990.65 -270977.29 0.337 -0.941 363.20 19.01
24 39 104123.36 -359234.05 0.442 -0.897 382.72 19.40
91 120 6671199.70 1233717.18 0.986 0.168 16.94 46.71
91 136 -133431.80 -342316.98 -0.513 -0.859 31.01 56.13
91 136 0.00 -720039.31 0.238 -0.971 26.75 57.09
92 93 -14228661.80 18609419.27 -0.861 0.508 75.07 62.12
92 151 10533194.34 11281920.73 0.716 0.698 64.98 65.96
92 152 -11703608.05 -1526805.84 -0.999 -0.037 83.18 72.02
92 153 13539797.75 -14425025.28 0.888 -0.460 67.13 75.62
92 153 15399075.47 -27669845.48 0.124 -0.992 64.54 73.85
94 154 -44617.27 -604714.62 -0.231 -0.973 180.08 80.45
180 181 11083483.38 55937265.22 0.201 0.980 12.31 89.67
182 211 5869680.94 6607793.96 0.916 0.402 113.79 107.93
182 215 -11483759.04 9911134.21 -0.821 0.571 134.22 104.79
182 228 6068157.84 -30422996.21 -0.237 -0.971 132.09 111.34
182 228 -15516919.62 -59604781.66 -0.457 -0.890 126.62 116.86
183 214 124563.89 -118810.98 0.813 -0.583 226.56 113.15
183 214 1004105.62 -1494664.47 0.628 -0.778 226.14 112.67
184 186 7149538.84 -6356772.97 0.804 -0.595 261.64 106.10
184 187 -1378567.96 -1324478.11 -0.502 -0.865 277.12 112.99
184 187 -1710648.74 -3441047.72 -0.076 -0.997 275.93 113.32
184 199 6814111.31 -18686547.65 0.453 -0.892 266.33 114.29
265 281 -5122328.23 -803610.02 -0.954 -0.301 384.41 163.30
265 281 -39648361.60 6900082.32 -0.902 0.431 384.54 169.56
265 295 -209357.21 -503632.55 -0.249 -0.968 382.58 173.63
266 269 25172122.73 -31656392.26 0.783 -0.622 420.89 156.71
266 269 15918833.85 -43940326.57 -0.481 -0.876 416.08 155.02
266 282 -958766.25 60819.11 -0.945 -0.326 429.14 151.36
267 283 -5398743.02 6600258.55 -0.866 0.501 510.73 131.86
267 311 -14267796.82 -16931894.42 -0.603 -0.798 514.41 144.01
267 311 -43194040.77 -32758503.94 -0.951 -0.310 512.33 146.29
268 311 238878.74 -662153.82 0.334 -0.943 527.37 147.02
269 281 37166298.15 -7772969.76 0.981 -0.194 403.25 164.56
269 327 -23432276.95 -18246435.22 -0.673 -0.739 422.26 163.84
269 327 -33824413.46 -20230198.94 -0.975 0.223 419.54 167.72
355 356 -10373492.03 -5760833.88 -0.916 -0.400 565.44 159.22
355 356 -44431539.02 1601093.05 -0.971 0.239 566.36 153.66
355 417 13530126.07 -41916000.11 0.145 -0.989 550.50 162.52
356 358 -1419547.19 -395901.15 -0.984 -0.177 583.96 159.21
356 358 -4765146.42 -2597764.04 -0.704 -0.710 581.11 164.56
356 358 -6184693.60 -2993665.19 -0.984 -0.177 583.96 159.21
356 403 -89125.40 -246389.93 -0.345 -0.938 571.14 165.60
356 403 372918.33 -693521.27 0.613 -0.790 568.19 165.46
357 388 -411643.94 105193.33 -0.996 -0.090 509.61 184.18
357 430 -156878.63 -118453.93 -0.704 -0.710 506.09 190.16
357 430 -175916.97 -474527.52 0.013 -1.000 502.60 191.51
359 373 3607108.15 -9493884.09 0.315 -0.949 583.38 207.81
420 422 6677861.97 791548.24 0.944 0.329 15.67 197.35
420 422 8214766.16 860402.47 0.998 0.066 18.31 190.16
420 423 -8200255.92 -178926.48 -0.997 0.081 35.60 197.22
421 435 -95664.55 -471203.97 -0.101 -0.995 28.29 241.34
421 435 -191329.09 -942407.94 -0.101 -0.995 28.29 241.34
421 436 517489.44 328198.53 0.943 0.334 22.24 229.32
421 438 -326160.28 1315440.39 0.173 0.985 31.29 222.83
422 450 -1435092.48 -23822499.24 -0.369 -0.930 12.75 199.12
422 450 2096538.04 -33331836.92 0.107 -0.994 5.54 198.88
424 427 -6944649.50 -7973297.42 -0.850 -0.527 194.32 253.53
424 442 578582.00 -825695.80 0.481 -0.877 181.83 256.56
505 506 844757.50 -314248.83 0.958 -0.285 450.36 274.98
505 534 -8627839.35 -17323992.77 -0.154 -0.988 462.57 285.16
505 534 -4234418.98 -33025629.87 0.232 -0.973 457.03 285.33
505 550 -3978455.06 -1157749.21 -0.938 -0.346 466.26 283.04
506 533 218943.62 -634246.68 0.082 -0.997 436.91 286.04
507 508 -5176075.74 -11957726.67 -0.484 -0.875 542.61 257.11
507 522 378502.20 -372083.17 0.552 -0.834 531.89 256.31
508 538 11060390.87 -14764440.17 0.670 -0.743 544.53 270.74
509 522 -378500.99 -326669.25 -0.572 -0.820 520.10 256.68
509 539 6554941.22 -21945645.17 0.415 -0.910 508.57 257.64
580 619 -186715.66 -250417.66 -0.533 -0.846 371.10 370.08
580 668 1357890.72 -17808036.12 0.196 -0.981 361.27 370.79
581 609 -3103351.54 -2815013.58 -0.628 -0.778 398.67 342.93
582 598 -1689774.41 10451688.85 0.132 0.991 517.89 315.18
582 624 1306903.91 -3158708.69 0.386 -0.922 519.64 333.46
582 624 1689774.36 -9773576.06 -0.261 -0.965 512.52 333.05
583 627 350291.10 -4825414.30 0.297 -0.955 570.22 286.08
583 628 -7185151.23 -12244876.29 -0.388 -0.921 582.25 287.86
584 612 -13624.82 65142.22 -0.274 0.962 551.80 322.35
584 612 -0.12 683512.59 0.195 0.981 557.11 321.81
665 709 150877.41 -245326.42 0.676 -0.737 201.74 366.81
665 710 6158.91 443779.45 0.272 0.962 203.70 350.01
666 667 414908.02 2820252.86 0.025 1.000 317.67 387.98
666 667 -891811.55 4857753.80 -0.603 0.798 312.84 386.76
666 726 891811.47 -4117356.06 -0.043 -0.999 311.81 406.06
667 700 -5348004.26 -2082704.57 -0.959 -0.282 322.91 384.48
668 669 -1527654.28 -5410108.99 -0.467 -0.884 368.65 383.26
668 669 -4877364.85 -14573486.89 -0.500 -0.866 364.84 389.96
668 683 186855.88 -158688.29 0.853 -0.523 352.93 385.66
668 683 245842.71 -540729.74 -0.034 -0.999 357.03 388.32
669 701 -3211035.15 -13773125.36 -0.018 -1.000 369.52 399.55
669 713 -1666329.77 -133507.82 -0.867 -0.499 382.35 396.65
755 770 -127186.37 -39521.93 -0.996 -0.087 166.99 407.74
755 771 -577616.71 -2072629.98 -0.116 -0.993 163.82 418.88
755 771 -4182090.38 -5758481.99 -0.486 -0.874 158.09 420.95
755 782 1982745.11 -2740106.71 0.365 -0.931 148.50 416.14
756 778 -2942062.03 3918179.04 -0.391 0.920 453.69 434.28
756 793 2779073.14 -1213037.44 0.725 -0.689 439.43 446.07
756 794 -328973.42 -98604.60 -0.809 -0.588 454.99 439.52
756 835 -347423.11 -3103156.27 0.045 -0.999 446.91 447.11
757 802 1129991.04 -722239.55 0.592 -0.806 282.96 449.88
757 834 -35013.10 -325018.77 -0.083 -0.997 294.60 448.68
757 834 -828063.80 -1025936.39 -0.463 -0.886 289.14 452.88
758 787 98652.95 -3506740.70 0.125 -0.992 221.56 425.88
758 798 -825456.43 41367.44 -0.997 -0.072 225.70 422.89
759 760 1330338.12 4193066.49 0.077 0.997 311.44 455.74
759 772 -2610240.26 -1190255.88 -0.947 -0.320 318.86 460.08
759 772 -4246327.07 -1332529.52 -0.975 0.222 322.49 465.93
759 834 1964426.84 -625521.13 0.998 0.070 304.96 460.03
759 860 236164.38 -963672.76 -0.096 -0.995 310.53 475.53
759 860 951562.11 -1516387.79 0.616 -0.788 305.57 472.70
885 887 -95628.93 -16538.63 -0.851 -0.524 39.06 471.68
898 899 336654.56 -502721.87 0.316 -0.949 586.38 497.86
